17,64,169,372
44,95,164,473,945,972
5,650,779
85,259,267
23,74,186,637,692,750,960
35,188,215,298,344,359,432,620,748,827,935
100,125,140,293,389,505,514,557
21,67,84,123,263,327,407
2,12,18,30,222,399,408,508,591,651,718
25,28,56,61,84,189,321,373,421,439
197,490
21,406,470
43,379,534,873
40,722
2,33,135,245,276,934
18,40,130,147,153,224,497,538,815,948
85,100,178,478,708
38,41,73,238,275,322,388
135,158,320,338,432,697,955,973,995
24,418
561,858
224,329,516,711,738
274,354,456,482
284,727
173,372
17,90,142,160,190,332,371,388,416,473,912
334,559,897
76,350,511
4,14,17,66,108,117,157,286,682
58,534
1,423,478
1,28,45
1,68,468,661
13,23,29,59,68,122,248,276,564,941
315,800
6,233
7,11,12,45,70,115,185,532,819,888,902
4,130,214
1,61,170,385,519
2,12
32,177,553,618,946
262,270,705
9,54,67,124,220,231,575,606,650,661,966
106,328,458,483,619,677
221,790
382,448,691,710,850
50,217,243,263,327,413
47,87,177,294,597,765,838
3,114,186,383,491,499,583,786
314,782
22,117,565
73,587
47,55,57,567
31,488
42,243
9,13,19,30,93,160,185,683
6,27,47,78,102,131,178,499
28,69,84,259,364,518,603,642,818
256,287,326,350,638,781
73,92
34,568
98,162,247,413,414,762,780,788,844
499,616
165,919
16,92,137,152,210,249,395,576,614
37,82,116
43,58,349
9,313
85,185
24,252,469,496,696,701,813,933
27,98,212,522,576,868,943
35,106,164,193,200,450,755,794
710,877
2,18,52,62,74,135,328,384,653
65,422,756
92,275
429,977
15,123
356,687
68,246,271,305,423,510
272,478,716
322,875,905,921
157,503,591,667,977
12,846
22,35,102,328,642,815
436,767,788
54,90,99,250,347,348,419,429,986
38,66,150,824,872
6,589
124,972
25,31,124,178,326,472,539,763,869
32,95,569,640,728,870
144,354,505,699
10,152
5,148,216,282,564,566,593,729,738,970
12,17,134,516,930
113,132,484,558
14,79,83,170,358,368,402
179,294,637
389,505,691,959
39,729
43,58,94,177,206,260,293,375,563,603,731
12,14,17,130,198,353,469,889,911
9,401,605,981
6,19,33,88,169,179,227,249,429,774,787
270,826
144,270
236,339,463
2,52,189,363
167,472
6,191,287,961
5,24,32,38,42,58,69,72,79,477
118,161,321,378,530
300,571
5,33,722,996
9,53,57,135,216,303,334,357,436,717,764
4,115
33,327,601
45,116,145,252,401,466,551,571,700,908,953
43,374
21,38,608
1,92,265,283,345,956
8,31,34,37,67,68,137,173,444,464
3,41,68,155,680,936
16,52,383,734
32,181,494
1,4,23,60,153,286,497,500,681,739,941
381,396
207,515
149,191,253,667,839,935
180,387,748
62,94,239
4,23
89,315,390
41,43,130,176,233,464,490,739,754,862
15,65,84,132,303,443
46,163
335,661
4,41,56,331,435,496,626,724,757,993
336,877
22,33,110,124,162,175,178,184,957
410,472,639
62,88,116
392,553,562,655
35,119,332,413
107,166,191,200,414,482,653,802,899,938
31,124,160,455
12,80,94,363,502,656,746
8,203,268,341,347,470,528,717,985
130,164,767
117,282
318,544
26,93,149,163,174,634,767,888
159,634
501,858
748,814,971
391,958
138,405,487,642
27,154,500,537,807,910,920,953
127,128,264,461,677,902
18,65,814,843,996
88,182,517,746
11,242,901
101,434
27,365,439,465
251,397,565,640,912
19,21,34,76,149,164,386,714,781,880,886
3,9,169,192
47,69,82,177,180,517,536,621,850
111,218,233,298,307,888
17,84,390
146,447
3,113,140,196,716,852
36,85,300,338,352,825
51,180,219,249,279,338,812,853,955
135,372,380,554,580,705
41,56,130,285,322,371,430
90,126,365,927
19,121
323,852
11,43,547,956
60,64,65,96,123,147,176,213,819,935,982
24,27,61,281,540,676
408,588,801
469,658
408,691,936
35,72,523,531,556
112,173,344,440,757
5,43,110,195,206,213,253,348,438,764
7,27
12,14,43,58,194,314,594,688,754,768,862
422,633
25,561,634,644,771
53,199,680
21,25,203,813,955,985
5,19,23,29,117,265,504,577,963
36,96,453,481,799
217,224,490,491
18,59,60,93,117,329,430,614,620,785
39,125,900
2,8,12,22,47,236,287,360,496,615,629
17,132,289,591,741
13,20,78,154,387,397
140,169,289,475,505,988
89,398,527
78,102,510,612,613,778
141,160,163
237,240,293,493
32,463,632
4,5,15,35,80,381,499,519,701,865
69,266,327,733,805,852,895,961
6,60,97,253
28,126,530,540,574,881
15,41,95,464,787
13,15,72,96,226,296
8,75,216,892,953
3,10,76,110,373,600,642,860
259,818,883
3,171,201,325,364,494
23,385
10,48,133,316,480,505,593
168,174,282
29,549
486,779
16,37,54,63,187,734
82,346,407,835,837
5,9,22,30,178,610,790,802,899
49,109,138,235,932
466,533
626,886
237,703
90,174,753
13,335,338
2,109,142,187,309,472,496,793,801,992
62,90,94,356,673,942
4,18,34,42,198,204,284,316,364,449,656
32,245,520,526
64,432
324,771
189,190,365,402
11,32,84,134,250,789,790,853,896,983,996
55,81,92,113,115,146,159,413,577
194,595
15,64,116,183,193,404
351,497,802
104,223,255
24,35,46,194,395,473,505,744,762,917,962
11,76,99,137,205,340,612,759,886
73,153,250,400,474,515,967
30,78,92,199,235,255,310,490,699,780
15,109,136,360,617,704,737,911
18,41,201,618
32,222,434,617
79,103,165,190,431,607,709,893
22,105,345,604,635,792,866,987
47,465,809
107,136,138,248,663,735
259,285
63,187,351
63,74,76,99,502,630,666,784
189,218,311,357,453,857
26,182,230
31,137,474,495,590
3,12,85,151,295,891,931
365,848
209,238,461,463,489,502,876,903
498,913
41,177,880,901
1,4,46,226,308,706,992
9,31,148,221,452,646,685
21,60,117,119,497,719,927,944
43,129,835
609,715,817,906
27,64,404,974
2,3,53,126,209,261,471,480,654,658,839
69,153,673,970
14,59,120,438,525,769
25,188,297,420,427
34,69,75,103,394,418,419,580,771
50,246,662,684,865,882
36,174
9,33,118,404,768
41,88,89,331,504,522,822
625,849
2,205,234,860
81,92,102,111,200,301
427,906
223,676
41,919
6,238,276,355,381,896
534,592
14,693
108,184,220,536,590,694,951
175,186,273,313
4,201,241,746,774,973
1,147
47,86,320,572,883
16,45,47,57,483
222,400
12,23,269,309,419
90,368
11,164
81,476,571
21,24,86,89,105,113,231,506,700
101,356,367,660,671,998
15,16,308,326,346,469
289,426
78,300,933
60,67,118,159,766
98,344,354,384,544,624,804,874
155,215,611
288,360
2,392,737
110,550,600,732,975
7,9,77,108,166,248,271,302,366,550,878
14,165,711
64,420,623,807
63,116,165,356
19,58,292,612,806,827
6,80,104,106,115,177,409,576
5,72,73,165,266,312,424,884
7,62,192,313,496,991
185,542
105,141,389
8,264,396,442,546,619
54,58,306
11,33,142,278,336,347,379,430,566,627
45,90,127,131,204,258,323,390,861,911,961
200,249,353,436,579,794,925,973
5,486
50,412
94,104,105,230,346,355,509,944
74,75,94,122,157,171,182,219,306,652,1000
46,121,343,510
44,213,282,358
83,814,912
46,137,167
49,125,196,232,368,672
16,21,168,225,252,655,657,971,995
36,54,80,236,241,608,647,947,959
32,38,75,113,151,276,446,785,898
71,732
34,111,152,256,382
20,78,219,363,721
184,304,551
2,8
35,167
144,310,342,457,531,881
15,117,308,311,374,464
8,241,406,518,584,649,798,848,943
6,193
11,201,915,934
321,576,783
92,101,127
32,59,270
98,112,161,190,242,828
4,217,438,454,508,681,945
2,10,343
198,762
7,30,156,212,529,680
339,509
40,198,671
24,50,103,301,651,820,850
19,240,928,975
130,170
195,704
22,233,260,657
13,37,234,237,243,306,590,622,665,890
251,725
76,97
9,36,63,86,117,208,587,736,742,749,983
339,340,418,556
13,42,485,583,707
151,457
27,192,336
118,206,227,529,633,725,818,882
15,146
3,22,28,123,211,230,445,485,968
2,325,801
33,137,437,482,506,694
74,86,109,646,823
121,730
8,39,79,124,125,192,369,501,682
9,107,207,435,600,660,796
435,942
6,7,152,190,278,292,312,570,712,718,900
55,226,351,366,707
36,48,172,188,197,470,643
328,536,601,863,895,923,924
89,123,944
4,19,38,310,393,500,543,863,976
24,603
6,7,11,202,223,267,410,442,811,869
13,27
67,269,740
305,322,619,807,860
40,91,337,632,648
95,132,228,304,523,721,773
85,608
9,110,310,966
215,331,810
1,417,458,560
24,64,78,116,226,271,333,547
35,78,375,552,782
127,172,632,684,892,964
34,98,104,137,379
195,267,751
61,228,422,437,465,601,993
24,231,537
149,220,321,415
263,619
56,143,151,159,168,418,742,770
147,213,614
21,199,577,818
20,127,401,486,562,923,925
331,857,858
5,32,79,119,138,915,957
1,59,213,417,815
10,84,161,375,423
367,643
50,261
74,98,596
26,230,286,294,735
199,443,501,989
326,813
176,333,452,600,931
225,262,808
7,144,158,177,182,281,295,349,386,473
351,613
56,87,127,376,409,635
1,17,311,358
122,207,507,865
214,421
329,620,783
627,685,690
40,128,474,577,612
52,76,302,307,401,568,569,703,710
56,715
172,204,259,299,706
86,385,472,490,739,761
151,285
191,376,679
38,164,588
107,118,202,517,560,872
53,57,111,128,249,574
2,188,201,317,737,993
37,101,550,772,792,972
12,41,373,392,415,529,601
6,104,151,154,630,857,960
36,125
164,872
86,234,685
368,460
516,965
77,162,475
17,77,779,797
62,508,609
12,25,302,541
154,211,243,872
29,82,349,408,453,769,929
55,65,99
12,15,42,96,171,689
4,14,126,334,414,615,930,998
40,172,400
13,20,68,89,145,430,564,838,976
17,52,309,576
3,823
291,304,591,812
33,194,238,244,293,474,495,535,790,885,926
47,308
2,44,92,210,262,345,477,694,867
16,223,426,672
12,18
7,24,332,456
236,298,632
11,121,179,333,596,938
334,680
37,616
115,283
51,179
45,931
109,211,319,361,368,446,727
689,727
16,183,338,404,439,649
22,87,101,237,391,480,538,664,967
22,51,74,119,388,509,611,625,663,779,784
8,731
39,56,394,415,817
7,33
66,112,282,308,591,958
2,99,545
95,102,667,672
9,70,393,965
25,110,191,244,735,929
140,780
2,823
23,55,139,555,567
3,45,420,667
89,646
8,674
88,245
14,45,124,540
136,193,701
8,394,413,747
23,46,54,67,195,381,541,565
241,978
132,214,235,837
6,272,314,629,743,850,986
65,129
2,159,178,223
433,622
9,152
15,52,79,138,189,261,279,331,586,666,913
24,40,81,154,321,446,634,776,873,980,990
305,375,669,736,827
205,380,773
387,742
1,182,842
62,409
100,142,852,917
715,734,949
24,96,186,271,740
40,561
48,52,550,725
8,10,27,395,729
77,235,514,788,799,959
666,886
3,56,72,422,441,777,826,874,998
25,27,158,282,314,428,445,857
3,47,131,292,747,770,917
33,51,72,73,106,220,324,364,504,695
74,205,211,251,379,572,638,654,737,773,904
53,468
19,48,458,471,969,986
5,42,43,85,708
31,62,115,257,455,689,718,759
20,46
10,61,148,183,558,665,918,927
30,661
161,731
16,380
145,273,291,609
22,36,39,85,146,247,284,491,512,945
6,21,51,71,702,847
72,248
23,792,896,975
26,236,239,406,580,586,893
32,71,94,105,139,238,494,889,946
46,135,157,270,395,527,800
6,104,233,240,245,255,276,356,410,416
108,172
67,245,449,621,891
23,64
1,46,163,277,333,434,566
14,17
78,317
12,132,149,710
61,186
48,627
136,198,246,326,548,840,989
2,51,97,155,382,408,411,417,684,693
310,605
136,571
155,802,984
164,542
10,144,171,529,541,882
17,95,268,677,834
1,2,84,157,294,315,927
27,146,847
5,37,637
26,69,428,503,668
133,202,370,537,543,851
201,800
249,285,295,622
160,175,208
31,33,50,155,160,207,783
87,134,237,689
186,203,371,604,748
240,421
139,147,278,441
74,167,180,192,210,214,351,408,528
11,82,253,397,540,624,641,897,931
9,615,901,951
50,232,921
286,570,690
9,970
188,325,454,471,684,777,791,894
85,149,489,841,918
82,140,810
19,108,120,181,299,449,463,606,841,874
32,383
296,462
22,33,312,530
9,100,113,142,144,373,448,467,691,772
17,45,55,82,197,263,354,447,583,895
13,19,29,50,181,366,401,523,713,989
120,150,264,393
7,51,86,108,126,295,745,800
219,407
285,357
21,61,78
81,342
11,46,77,155,315,357,410,989
107,244,794
28,195,374,543,732
127,196
71,223,357
7,96,131,141,148,257,945
46,225
24,25,339
277,995
22,214,289
497,602
99,819
162,181,369,419,682
77,452,663
80,123,368,979
31,48,195,268
127,483
61,645
10,244,320,378,566
20,41,52,217,264,361,427,575,648,743
215,218,417,826,1000
44,213
102,131,579,673
25,402
49,161,247,398,867,909
36,63,105,332,410,550,595,712,861,878
53,81,91,95,426
7,189,192,287,816,817
31,335,527,535,624
26,34,69,183,302,376,966
42,44,497,686
108,335,388,575
176,380
30,160,166
114,425,690,831
1,671
8,28,188,485,719
22,71
25,28,38,85,183,396,446,495,949,993,995
4,80,188,194,217,318,330,448,455,625,654
76,192,280,320,564
19,25,26,32,86,105,253,609,718,873,918
411,525
492,769
29,54,60,66,214,269
49,77,98,926
233,854
284,446
31,221,592,723
99,462,893
34,53,75,175,198,258,581,753,793
291,461,846,924,1000
1,18,47,237,245,607,690,747,953
125,371,528
133,196,579,788
141,163
18,533
297,779,977
29,87,173,243,282,407,516,789,832
10,12,268,285,640
492,583
318,359,432,714,847,907,933
33,67,191,426,760
14,260
231,519
57,108,869
3,153,451
2,289,955
231,703
30,59,153,181,515,645
13,26,35,54,225,438,645,752,900
14,23,30,163,266,509,644,745,869,907
1,16,107,195,278,284,651,655,711,988
5,22,224,348,775
75,197,273,334,352,534,806,844,855,960
1,3,377,582
337,578,726
67,84,141,244,565,909
15,49,83,585,775
15,346,966
212,342,369
103,249,938,987,992
12,268,358
2,11,76,234,377
132,843
26,157,190,332,400,433,451,485,627
5,36
57,84,246,562,744,856
44,117,157,723
288,360,551,641,698
51,163,252,412,479,554,655
40,261,324,333,448,662
22,809
4,50,52,112,150,170,863
64,114,214,297,316,381,581,712,749,837,867
2,8,93,205,934,952
26,156,203,268,376
262,344,864
2,12,74,256,311,382,407,577
44,239
229,399,538
252,386,573,586
59,143,200,208,337,696,730
18,75,922
286,309,324,898
22,184,194,266,530
9,316
25,39,212,426
600,756,891
165,476
159,323,780,910
5,14,257,275,291,308,328,512,623,870,962
66,79,168,238,278,280,338,406,553,888
47,57,114,436,836
185,461
147,683
39,41,44,271,292,364,546,652
219,410,456
1,3,16,34,42,51,91,124,524,549,733
23,62,120,242,307,361,454,515,618,958
147,695
6,302,325,364,628,769
731,999
45,74,77,119,179,240,346,815,833,864
21,193
48,103
7,48,125,307,391,425,682,791
3,188,537
43,46,53,378,586,687
32,36,55,202,403,405,466,784,838,937
85,101,261,273,398,589,626,677
29,150,185,212,717,831
28,48,148,629
9,137,139,222,257
68,341,611
285,808
3,599
24,369,644,645,868
25,28,41,62,65,278,341,358,409,570
33,50,73,274,328,556,829
3,85,139,202,303,442,468,833
588,890
223,238,355,416,520
2,79,335
23,440
9,80,96,159,241,352,471,548,579,654,937
35,50,79,302,348,532,994
107,129,136,829
77,97,142,146,206,559,582,743,820,919
411,595
17,694
21,290,397
91,118,392,544,559
21,44,123,562,801,905
585,770,987
65,80,82,96,218,276,620
103,211,339,358,510,704,829,843,952
38,122,314
31,981
86,502,658,847
5,30,146,167,215,253,335,414,851
255,489
60,471
450,957
3,151,791
444,475,480
559,845
32,692
43,105,163,172,183,233,482,978
26,103,287,369,421,435
216,236,293,572,670
99,211,251,368,952
5,91,92,154,251,955
17,83,95,382,396,440,520,699,941
20,169,184,243,409,420,594,744
143,155,194,248,395,405,455,476,556
1,44
431,740
1,42,949
32,104,356,368,639
22,141,232,250,274,283,348,476,611
431,467
12,66,173,411,541,595,614,711
32,526
10,40,56,104,155,158,167,228,256,404,976
2,314,336,568,608,623,630,904,969
8,139,196,383
12,66,920,934
6,48,89,104,109,248,371,425,774,980
46,158
3,102,188,512
104,509,751
210,222,244,578,883
12,121,152,155,272,301,514,620,679
467,738
6,32,88,294,946
14,51,70,197,525
30,49,55,122,523,705,834,874,948
43,59,173
10,27,192,400
49,115,503,532,994
30,35,137,179,575,808,925
17,376,541,569,894
120,652
75,506
55,71,236,355,554,687
8,31,72,191,283,306,790,809,922
14,149,709
40,232,378,492,520,800
169,593,826
6,94,193,238,410,416,828
152,304
215,670
13,20,51,338,380,583,850
273,548
47,48,49,128,273,390,940
129,339,479,585,840
22,337,460,547,793,937
41,42,58,237,492,567,711
38,42,107,120,412,491,846,885
22,72,107,215,348,459,531,587,647,875
209,798
9,50,328,833,954
6,21,572
106,136,312,674
45,120
467,733,804
53,65,90,110,111,323,485,532,617
3,5,13,25,134,175,262,276,949,997
26,148,761
27,57,62,95,141,207,268,370,423,435,969
28,76
130,997
3,101,106,122,273,390,462,615,678,882
34,291,373,501,582,985
207,425,791,851
34,48
16,316,810
6,218,338,752,795
156,185,421
57,121,255,275
98,146,159,447,475,513,582,618,871,887
88,234,494,656
52,312
231,682,956,966
334,767
1,93,120,281
28,29,183,584,845,888
20,225,396
49,144,161
74,76,86,88,317,322,377,585,714,889
36,322,360,551
60,71,228,323,505
36,54,66,70,72,101,117,457,936
1,4
50,871
68,101,108,156,224,437,484,642,657,758,771
19,21,45,139,229
43,59,72,105,164,170,297,486,549,597,841
297,371,588
13,495
279,639,835,859,998
269,288,423
89,537
234,277,498
11,201
8,24,26,34,208,406,705
73,115,125,155,165,186,240,289,299,487
3,24,114,354,387,616,636
21,63,67,142,374,392,937
35,80,416
7,18,33,161,208,325,593
162,429
6,38,273,405,437,439
7,10,24,291,540,968
103,970
712,772
21,320
2,58,570,658
54,124,302,338,637,833
166,266
638,822,987
17,28,77,84,140,223,229,309,428,535,732
42,58,224,230,269,983
45,168,258,305,546,859,902
285,353
38,43,61,144,167,274,385,580
123,282
162,552,557
785,804
120,183,326,363,395,431
25,28,38,93,161,277,377,697,778,924
1,116,172,625,751
168,397
143,894
29,47,57,172,197,360,461,470,507,615,911
131,848
41,72,260,518
162,171,852
319,469,662,805
319,358
4,416,450,599,839
375,518,946
66,180,239,256,291,440,503,656,659
19,20,52,100,113,398,503,523,778,871,937
19,51,300,401,457,598,603,610,628,954
120,521,611,622,837,870,879
15,23,199,904,974
45,55,102,246,280,337,352,462
20,373
52,320
34,49,87,342,625,916
328,510
91,115,210,493
1,120
8,10,148,324,664
5,9,54,83,107,109,650,693
13,314
17,169,307,310,491
2,89,205,219,315,379,478,617,685,953
8,28,156,228,876
20,33,218,359,360,407,552,558,570
61,218
68,840
131,803
21,161,915
15,106,115,601
15,110,962
128,371
2,44,71,100,137,379,514,836
32,203,357,699,896
78,309,333
224,367,429
29,241,283,428,511
18,65,83,240,409,881,929
124,230,280,311,318,361,386,444,543,695
12,459,762
16,656,734
157,254
28,316,347,359,449,481,644,692,707,873
235,345,475,910,992
206,321,988
62,198,415,464,520,551,610,756,904
75,592,744
14,61,848
40,710
40,418,672,761,868
696,865
9,49,92,158,167,659
167,310,487,642,659,921
466,672,803
86,457,665,791,809,817,831,901
118,265,574
6,143,244,303,633,687,797
30,50,72,73,165,200,366,388,494,996
61,128,889
277,380,701,954
67,113,115,144,345,766,796
48,241,403
267,352,506,683
28,227,385,482,560
168,451
7,61,250
15,647
442,952
38,95,242,340,377,511,741
78,156,277,353,397,624,653,839
4,14,23,58,70,96,438,478,621,925
590,972
26,344,504
110,428,437
116,874
36,47,55,670
9,138
227,335,760
1,109,196,269,416
92,210,275,289,459,871,910
539,822
49,90,91,121,137,367,467
34,69,518,798
23,53,74,216,283,382,772,773,941,984
19,74
5,106,108
97,322,517,658
11,460,714,758
22,79,118,166,450,526,820,915,947,984
56,268,580
70,274,487,631,686
52,372,638
18,39,57,75,153,224,260,598,855
10,88,383
46,720
147,220,454,898
1,4,64,170,423,464,525,636,997
19,69,130,211,427,443,613,660,739,991
290,644
123,140,159,161,180,281,413,513,640,932,988
412,526,965
51,309,320,324,511,730
440,465
64,94,230
183,331
51,52,65,121,367,774
200,250
341,399
185,217
127,299,765
25,57,151,212,231
14,29,330,384,404
116,180,700
2,74,88,251,305,315,327,678,907
51,62,64,880
48,197
47,99,259,639,891
12,100,173,729
4,58,176,709
1,811,837
49,67,624
15,41,82
13,52,499
5,123,134,150,182,643,950
3,24,29,53,171,347,466,940
85,90,134,202,246,427,651,861
10,184,204,377,437,828,849
275,448,804
44,62,95,253,307,385,399,542,706
108,450
13,16,51,168,181,787,830,933
85,90,106,359,508,867,909
8,39,46,50,61,316,441,573,649
605,672,1000
19,37,63,135,363,971
227,821
170,181,702
10,24,36,629,726
21,355,781
3,205,334,349,493,985
89,305
34,68,91,290,549,553,805
18,57,66,80,117,248,606,854
112,166,807
311,689
26,512,569,620
26,42,331,341,474,736
308,489
16,37,77,121,140,143,181,199,324,701
412,427,439,979
286,297,545
37,54,116,135,181
35,156,670,855
19,640
20,37,43,44,74,152,219,237,277,643
31,55,125,181,222,390,657,746,975
140,501,536
10,55,182
28,40,62,875,990
41,598,664
126,313
122,173,193,212,324,336,377,410,556,884,920
522,526
380,707,831,954
7,52,78,226,481
27,39,456
10,255,999
17,20,72,78,129,325,498,658,799,808
53,58,184,232,284,318,491
160,178,366,388,884,922
93,134
30,142,528,892
50,79,194,250,274,302,474,487,811,926
7,166
36,103,152,929
67,98,161
63,169,315
105,146,856
30,37,44,81,463,585,598
112,118,150,691,994
34,36,85,133,202,214,280
339,633
6,42,82,99,129,515,667,909
18,834
35,138,155,178,653
304,394
7,53,264
103,345,479
236,271,343,915
99,539
6,62,152,278,816
82,636
33,52,158,432,613,721
1,87,126,142,157,281,399,564
13,58,179,187,252,288,309,565,853
48,268,522,570
144,162
187,726
228,524,762
235,298
195,722
114,133,988
310,665
182,692
171,350,379
128,703,847
129,149,666,750,964
189,233,313,471,671,853
64,83,636
3,47,112,295,383,471,512,690,865,894,897
41,189,280,498
11,180,340,386
46,138,531,650,890
76,80,209,303,442,460,590
13,30,604,678,688
11,86,242,256,596,666,696,759
298,832
136,158
38,171,393,879
81,146
29,43,44,93,111,625,765,863,940,965
124,232
53,57,353
272,296,877
13,129,251
19,72,127,252
11,54,443,813,818
654,703,759
18,42,254,329,349,374,490,914
70,123,257,362,385,484
514,916
16,101,175,293,402,426,546,619,717,887
25,126,336
9,167,191,597,947
5,130,328,968
25,61,69,942
16,20,187,343,375,444,547,582,588,728
402,422
21,54,88,104,277,657,665,795,908
389,618,796,820
42,63,81,260,629
30,31,75
76,352,469,604,750,766,911,982
210,246,300,478,916
38,282,951
13,135,181,192,195,479,521,637
13,74,79,244,768
59,82,95,325,652,982
154,990
38,59,96,112,153,173,275,300,977
81,345,867
97,242
145,192,221,384
4,109,871
2,276,678
11,100,115,477,587
5,220,424,486,635,998,1000
3,133,370
3,102,648,684,960
24,71,93,247,441
28,179
10,26,27,84,154,278,496,665,757,805,845
139,312,326,331,618,809
81,115,389,477,581
193,289
200,330
182,448
877,986
5,49,113,119
22,244,283,755
108,284,626,829
9,20,276,280,584,829
3,10,28,84,126,150,156,239,427,445
2,18,70,76,109,284,311,776
114,133,187,198,243,257,630,724,963
20,21,226,351,388,391,707
71,192
8,37,145,272,950
111,129,171,254,545,549,786,870,982
67,169,719
5,33,98,163,420
40,162,251,506,899
698,861
19,37,41,409
182,245
205,845
71,147,182,288
14,15,60,66,382
7,40,56,62,183,441,792,876
7,72,88,114,119,152
307,349,484,516
24,26,80,126,208,232,278,359,574,675,991
21,37,44,69,87,170,305,419
2,86,97,251,674,694,770
109,113,148,635
99,866
77,142,533,864
15,170,362,719,914
17,63,947
43,49,107,360,361,429,561,590,668,684
3,10,40,41,48,568
86,234,460,866
286,849
12,15,139,203,297,498,688,748,889
306,352
3,53,106,453,815
22,28,47,57,211,242,249,262,269,634
288,304
97,372,573
224,286,290,306,398,444,720,752,753,864
424,594
255,578,773
3,8,34,154,228,252,363,562,914,931
142,274
121,127,306,506,587
30,194,531
7,56,68,803
13,52,217,774
175,261
223,669
8,104,112
30,37,73,79,110,227,458,489,573,695,951
6,23,49,146,999
72,245,251,266,358,487,716,720,859,885
223,257,539,567,628,648,744,760
2,108
69,389,722
235,549,811,908
171,254,288,555,564,941
238,535,724
23,44,974
26,50,67,289,431,652,842
1,11,53,111,180,405,412,536,653,663,991
3,88
25,189,204,301,406
25,256
34,49,100,308,415,472,682
11,114,313
519,655,674,775
17,477
26,29,48,59,268
68,77,372,378,485,624
174,265,483
28,68,90,154,378,422,481,484,841,857
6,27,143,166,724,831,848
12,54,83,312,329,477,702,957
5,59,76,113,453,495,621,758
2,11,29,74,88,469
83,112,768,967
244,527
13,19,46,135
7,23,143,158,160,172,319,582,638,977
73,653
1,754,821
17,134,429,479,738,846
319,632
45,512
218,408
4,330
8,101,307,502
4,6,33,38,179,241,281,407,450,866,997
25,110,273,454,900,939
7,291
32,71,105,323,433,453,569,632,679,812,828
141,444
7,42,76,215,229,254,449,649,856
283,406
155,157,517
6,23,71,330,416,533,633
8,35,39,445,518,792,903,923
789,949
446,883
37,825
15,29,257,297,393,602,719,963
1,15
23,46,59,234,317,411,555,668
4,94,112,160,230,591,662,708,712
17,84,304,403,421,428,607
8,10,203
143,623
4,94,119,223,413,484,713,921,928
1,15,327,631
272,795
3,97,211,319,359,408,807
58,89,292,417,692,697,939
122,196,207,353,677,747
11,16,19,158,180,290,554,566,716,787,979
127,129,206,355,488,563,876,939,957
7,20,85,228,789,994
67,459
43,44,147,260
344,369,383,567
56,77,117,498,627,734,741,932
10,36,258,581,704,766,854,905
7,8,97,104,225,365,395,466,726,856
29,35,63,239,314,698
31,106,362,480,727,836
2,6,109,208,226,294,480,860,987
17,82,506,562,621,693,842
77,100,162,318,342,354,552,705
43,176,451,930
39,99
76,177,814,971
34,125,927
87,402,456,823,964
11,97,103,209,585
106,109
60,613
13,206,391,421,795,990
11,243,255,393,465,479,502,575
14,40,119,399
431,844
224,545,616,963
44,140,362,663
37,651
44,81,132,293,333,565
29,73,265
83,578,942,989
39,71,187,213,493,630,757,951
296,370,777
4,533
5,9,302,994
5,70,75,764
45,222,260,361,538,754,922
121,272,288,412,830,843,964
91,108,384,785
317,646
11,37,566
14,43,185,411,622,686,724,750,859
5,12,17,18,35,167,200,227,367,400,821
14,78,95,528
44,743,793,895
82,167,184,350,473,563,674,777
38,65,136,157,171,224,521,789,862
10,52,290,396,443,507,742,854
5,202,439,794
111,374,948
9,33,78,406
110,650
100,392
662,822
15,38,117,176,209,217,269,382,515,542,741
93,666
91,144,182
38,59,144,148,156,675,706
29,87,91,129
12,14,37,70,108,299,330,423,849,892,906
14,23,111,216,614,723,892
77,91,123,235,318,344,887
5,253,265
664,968
63,145,199,843
15,18,56,196,197,265,327,690,819
7,676
52,670,722,880,984
2,458
30,173,258,493
118,161,210,247
75,267,323,677,950
82,95,436
87,346
343,397,612,898
4,75,296,483
25,61,173,212,264,676,683,747
27,131,507
16,172,190,462,553,599
9,295,329,340,365,574
8,332,415,558
145,426,434,443,804
54,166
144,221,225,290,367,731,884
77,102,298,350
11,99,317
47,93,102,185,259,261,264,534,553,604
50,90,101,636,839,908
45,46,130,370,571,679,878
7,203,316,451,675,683,718
102,310
5,880
26,40,43,45,177,201,693,752,794,822,971
6,93,192,438
33,79,96,811
133,179,188,270,330,824
656,832
399,561,688,766
17,335
67,259,280,456,504,936,938
3,206,262,534,740
5,8,57,127,209,425
20,55,58,237,835,893
91,389,686
64,281
103,166,355,396,645
75,494
77,513
47,248,475,598
119,163,229,333
563,611
262,520
88,100,111,784,842,940,961
36,38,86,165,221,305,350,489,640,662
92,204,557,581
8,142,143,326,478,485,577,879,954
54,222,351
66,357,362,559
33,73,143,178,184,191,445,659
1,9,175,511
59,96,329,924
113,589
131,613
114,229
37,102,124,438,460,683,974
99,821
31,73,291,349,783,877
39,398,431,732
136,919
318,559
5,48,69,84,122,292,313,403,558
7,29,162,341,351,545,552,569,681
78,94,225,363,387,657,900
13,63,179
4,267,317,340,434,451,765,816
21,85,763
16,21,51,99,145,290,319,432
5,29,50,51,109,218,234,253
41,73,678
647,912
29,231,912
39,252,476
2,19,47,580,862
3,27,45,279,345,555
256,361,511
372,500,524,764,824
36,81,175,263,394,447,473
3,57,174,473,750
65,175,754
25,125,643,841,934
26,157,319,492,544,782,995
27,56,152,572
306,519,878
20,43,174,208,424,483,544,697,844
270,452
124,160,165,231,756
8,452,646
199,269,311,459,467
16,29,299,824,853,959
32,578,589,720
9,16,21,24,40,114,207,267,508,780,803
1,140
20,35,94,274
212,216,909
422,649,913
87,174,214,297,372,417,667
18,340,946
34,125,156,215
860,984
10,127
33,221
4,5,97,330,595,606,648,861
3,41,51,57,72,307,424,676,832,950
12,622,686,939
48,66,102,128,175,212,962,981
50,110,142,160,279,374,391,597,605,675,727
24,241,347,481,675,903
35,229,947
7,150,318,668
7,419,914,958
50,168,255,436,605,661,743,776,813,899
15,18,65,87,98,205,242
87,124,714,828
14,27,64,384,435,436,592,602,741,756
422,960
24,708
68,137,628,875
22,64,101,257,320,398,763,825,967
14,381,557
55,75
296,501,668
938,973
14,82,242
21,71
9,418
70,873
3,18,45,53,114,122,243,583,691,713,851
53,172,181,252,755
22,227,476
13,32,111,232,399,605,680,913
232,424
16,274
121,164,226
2,57,98,782
343,411,442,669
18,138,163,222,293,370,470
1,60,330,391,907
87,201,290,510,521,603,671,899,908,943,976
6,94
11,15,39,104,188,215,279,389,401,513
35,227,532
4,220
14,56,93,539,678
3,45
115,247,799,992
14,16,25,190,581,706
63,324
101,122,165,273,315,394,584,721,922
49,100,115,206,275,563
140,826
12,23,103,308,373,414
136,207,263
4,64,96
70,170
15,42
57,199,594,669
5,20,70,80,91,221,626,999
11,281,641,990
3,4,45
132,404
1,64,73,83,119,157,332,560,681,685
444,704,830
9,63,191,409
27,418
19,107,174,272,397,402,403,729,918
25,62,103,228
256,902
12,20,32,150,239,356,530,659,786,802,982
4,73,301,441,733
4,198,230,594,631,872
17,151
38,95,119,145,272
24,34,39,203,364,468,767,956
141,216,816,887
31,455,495,576,663,688
99,121,164,187,225,301,535
8,16,170,649,820
58,218,440
83,119,134,170,254,384,827
14,443
4,66
16,122,513
208,239
20,46,279,728
36,80
114,138,148,266,367,536,745,879
126,145
14,79,254,696
7,51,53,162,188,540,864,944
10,25,28,40,151,190,403,415,627,695,985
2,86,220
56,131,956
271,300,524,917
53,175,265,285,299,334,604,760,897
4,39,89,132,573,681,926
2,327,758
39,97,113,118,342,452,525,644
54,73,145
44,139,145,210,400,630,948
29,149,531
105,201,816
5,660
12,66,130,393
34,138,776,798
100,242,340,377,379,572,823
6,71,81,105,159,292,503,639,746,796
507,541
68,510
24,124
1,243,524,709,713,824,881
6,15,36,47,150,191,261,337,546,619
75,608
8,17,129,139,552
152,292,376,498,504,609
19,70,111,153
133,521
1,17,92,93,130,281,430,451,458
114,348,519
432,751,812,979
39,103,390
13,26,148,456,466,621,700
22,42,47,60,180,342,501
80,679
9,70,81,148,184,213,288,524,806
19,33,58,69,79,107,227,259,356,424,482
156,304
321,685
122,236,502
217,391,689
66,87
96,235,589,616,676
55,150,599,890
60,84,154,226,266,329,913
22,105,197,597,670,671
751,849
8,68,158,168,725
36,57,267,370,427,543
27,52,159,199,878,903,981
228,568
9,22,33,79,106,143,227,854
71,193,488,669,702,733
123,196,354,512,537,735
45,48,49,240,258,542,778
107,293,425
4,6,7,110,133,320,341,350,702
1,108,125,178,193,254,315,387,596
67,118,206,262,448,668,796
16,65,134,232,272,313,526,643,763,781,812
12,29,43,83,93,149,214,647,863
20,49,54,132,195,211,381,514,521,808,916
287,574
32,41,254,277
26,31,35,42,329,455,698,713,736,834,928
14,37,138,189,220,313,544,567,617,866,980
17,42,59,91,133,222,237,256
46,121,250,433,547,978
90,480,493,513,770,830
8,55,116,637,721,819
81,413
31,483
62,439,607
66,120,194,261,674,876
3,20,52,814,840
4,117
202,283,414,452
348,433
39,190,378
62,365
4,21,45,319,709
4,366,401,447,631,836,904,914
20,67,344,503
89,778,969
30,42,89,97,131,133,162,488,868
7,388,411
17,235,298,337,844
79,673
27,64,98,112,160,219,263,386,470,587,700
7,27,103,125,154,359,441,449,465,883,972
16,312,420
11,146
11,88,317,490,635
53,187,249,303,511,686,859,950
141,145,234,263,414,660,858
4,43,134,407,633
10,169,176,222,417,555,693,963
16,63
8,926
67,387,629,639,795,905
98,113,142,342,354,467,563,905
34,48,61,221,301,369,601,845
23,40,68,86,248,474,507,628,753
55,258,385,457,468,806,838
332,394,433,529,798
19,69,116,187,262,335,607,742
72,855
5,61,149,253,325,347,554,894
65,83,153,508,515,967
17,23,631,870,930
143,200,405,573
80,104,189,233,240,276,578,669,975
402,609
50,250,628
7,8,10,56,68,84,141,183,465,736,918
84,148,321,428,761,797,980
6,10,107,121,134,200,479,673,737,930,945
18,109,393
55,246,765
13,131,135,481,555,579,661,730
3,26,28,37,56,60,87,292,959
11,60,80,102,133,349,596,817,917,925
599,615,793,891
65,260
499,968
35,207,286,405,769
20,26,35,79,107,135,233,495
1,47,323
92,447
12,59,66,93,186,212,396
216,325,365
174,749,806
2,11
159,166,527
39,403,445,916
197,263
5,158,623
24,517,593,708
82,120,484,885
12,189,445,608,660,675,928
15,500
10,156
48,433,723,869,887
59,60,118,220,341,376,602,776,897,920,997
63,213,216,229
35,784
58,500
31,66,489
59,164,277,881,923
10,18,70,98,264,470,717
24,301
89,217,333,885
112,132
83,554,875
44,78,636,832
22,303,833
18,28,97,134,376,803,882
18,42,119,126,169,184,213,631,786,810,846
14,939
15,39,141,176,614
9,30,72,106,155,215,606,715
90,265,760
1,25,51,203,507,929,933
209,386,586
250,783
378,593
70,300
60,82,88,204,205,542,602,799,943
49,51,53,247,275,647,728,749
101,185,267,334,420
4,5,20,30,128,184,623,884
128,597,738
156,650,851
1,29,30,42,128,196,403
62,75,90,122,150,172,174,295,425,936
7,202
31,137,231,366,775
20,868
21,141,180,787
1,76,132,461
219,481,664,716
69,151,543,579
16,19,116,226
96,594,825
25,664
128,203,398,788,983
247,539,923
123,834,895
46,101,353,825
327,460
73,221
32,147,446
1,26,28,30,81,91,497,654,932,969
6,75,83,168,258,418,462,687,699,755
1,23,31,68,86,92,106,136,219,317,745
95,176,392,459,516,548,610,906
110,136,248,606,610,735
119,150,206,245,264,681,692,932,993
177,191,486
95,97,138,299,366,522,530
263,651
10,31,287,346,442,896
198,492,723
38,271,405,421,586
74,211
343,395,415,634
151,337
13,46,52,314,412
208,374,522
6,9,50,183,270,538,561,584,638,940,965
16,39,61,138,185,274,659,838
58,476,942
2,94,331,357,516,978
58,198,384
100,457
7,34,68,154,186,380,757,980
10,64,111,190,229,265,355,560
11,303,362,557
6,209,509
130,454
535,821,996
76,209,284,901,907,952
7,149,219,453,508,673,768
10,30,31,60,207,246,362,404,491,610
23,60,65,123,129,538,785
65,106
27,239
312,361
147,547,596,752
13,36,90,114,131,204,259,280,855
3,139,151
326,635
149,275,417,468,801,921,935
13,141,158,226,279,730
18,27,56,221,974
220,295,688,973
11,34,88,194,323,943
8,28,991
49,92,98
6,80,94,218,230,339,687,986
525,862
18,111,217,347,458,492,513,962
21,37,78,434,571
23,83,140,204,761,924
178,652
370,414
131,303,592
153,179
8,134,517
26,49,77,430,906
607,978
75,93,178,186,271,322,369,486,568
16,279
301,336,496,797,893
202,261
10,116,387,772,830
2,37,54,135,190,201,350,375,434,532,840
40,42,69,126,529,645,725
11,269
128,176,238,258,278,336,339,381
60,70,147,216,257,362,430,920
5,305
394,556,842
122,247,264,299,316,424,494,504,548,983
19,153,296,363,592,886
36,186,337,595,749,753,902
294,617
161,919
2,18,21,36,74,85,352,463,961
137,166,306,482,487
116,336,518,858
169,560,948
153,258,423
2,19,22,37,144,266,523,551,616,697,775
163,199
69,390,981
6,7,104,240,245,255,472,488,533,679,745
383,612
91,426
4,260
80,105
55,177,298,720
46,267
5,54
311,764
23,125,763
527,698
30,165,755
112,132,176
171,739
120,343
61,298,898
56,66,557,836
65,112
20,98,174,246,295,463,603
8,239,266,546,584,598,970
271,999
48,208,287,304,373,419,550,797
102,204
588,602
287,400
70,225,782
1,73,146,213,254,475,514,728
168,309
55,63,468
205,419
5,39,100,117,126,196,247,321,353
13,19,63,187,641,810,964
51,59,87,173,462,499,500,835
4,16,128,195,294,641,648
209,225,340
89,97
2,71,96,197,229,575,646,655,903
139,548
1,3,15,94,296,428,545,558,599,759,979
2,322,420,440,781
210,214
113,118,120,210,270,459
6,105,928,944
136,600
18,48,204,488,879
35,135,139,641,786
31,61,454,455,958
40,371,425,856,890
6,236
4,17,38,70,83,96,464,777,827,935
4,44,49,346,435,447,477,680,715
71,129,294
40,41,805
14,133,249,296,626
109,386,758
81,118,143,159,270,392,493,740
6,13,71,177,193,450,488,509,589
69,241,364,437,449,528,726,771
186,461
300,976
140,910
332,375
