95,564
92,389
70,440
213,671
16,158
24,418
53,65,111,324
166,821,829
6,48,426,620
52,79,138,332,587
257,465
55,362
572,883
78,510
461,690
517,880,952
5,160,220,388,688
57,683
179,221
130,444,811,923
597,929
114,175,196
306,610
27,35,110,452
54,649
112,349
486,610,925
884,929
74,350,377,379
7,125,392
330,963
82,130,417,490,754
14,490
43,718
1,146,213
67,513
276,589
61,156
124,232,355
36,133,175,651
2,74,258,462
125,645
410,565
15,87
154,204,365,657
119,560
818,905
167,383,501
94,578
98,163
31,273
4,23
50,185
15,65,981
781,910
10,970
879,884
232,359
5,9,101,304,416
222,563
5,36,537,961
12,768
72,251,359,768
8,25,152
735,836
136,590
36,473
221,783
207,441,566
7,12,185,255
57,420
29,95,963
75,85,186,353
483,626
386,759
50,366
62,95,208,269,436
3,42,142,524,955
4,560
23,233
10,217
21,84,990
16,73,276
282,780,864
31,181,907
261,285
21,351,671
779,988
9,22,73,140
102,663,897
184,243,351
52,896
274,556,790
518,736
305,847
96,139
45,114,298,382,750
88,99
520,669
175,177,579
623,984
64,378
301,530,534
10,316
462,854,953
116,371,607
34,111,413,537,733
29,362
384,661,807
150,994
422,542
3,512
338,447,839
11,63,406,409,435
29,178,307,328,863
40,469,630
31,178
7,10,712
123,404
103,369,421
9,40,252,381,688
404,467,778
108,126
42,423,972
201,379
6,133,744
3,131,186,273
89,113,507,885
71,137,380
21,643
47,127,950
4,478,925
66,388
4,318,341
12,404,789
9,32,609,850
41,607
45,372
44,207
204,553,569,648
234,781
9,110,194,495,576
159,766,947
5,9
29,468
209,350,577
65,722
128,859
8,251
10,233
339,709
301,717
343,379,856
89,469
17,363
158,182,473,761
79,279,280,339
143,474
13,312
59,176
96,664,743
1,216
25,784,945
136,661
10,321
14,142,512,525,585
16,135
48,433,607,712
39,376,586
30,50,779,915
5,9,33,107
666,770
451,665
83,217,739
7,125
15,49,142
47,50,497,873,897
10,75,662
15,253
29,393
3,648,946
6,32,104,240
2,350
119,564,827
265,402,604
184,289,392,401,844
48,539
13,320
4,38,44,706
44,404,487
154,516,842
139,185,337
170,562
28,30,91,519
77,398,503,624
29,811
70,870
198,430,754
223,570,600
308,479,812
49,788
4,621
141,149,877
325,641
127,369
50,703,904
9,33,947
9,535
8,239,529
57,548
383,677
199,333,976
262,493,895
530,671
170,497
349,993
45,55,82,263
36,134,152,739
41,48
552,688
65,600,808
11,625,879
90,91,121
51,109,976
213,475
152,154,529
20,116,351,874
344,435
91,917
28,400,428,805
70,417
23,103,205
110,653,973
18,327,440,580,913
64,622,744,932
11,322,564
587,672
57,141,264,701,902
111,221,250,625
15,635
4,96
7,158,160,172
1,46,135,245,794
298,553
117,295
6,21
57,127,366
21,138
115,186,240,711
60,133,676,849
33,86
130,409
11,969
579,642
44,119
4,49,333
32,83
55,623,861
8,415,997
91,162,270,275
367,725
1,213,667,945
34,56
6,472
75,109
54,511,891
93,443,798
17,210
130,311
473,651,907
3,118
81,92
215,648
61,236
58,87,307
37,179
177,401
222,440
15,27,256,677,745
30,78,216,903
50,143,640,686,926
60,117,958
17,70,862
200,779
301,873
24,39
157,312
144,296,389,979
21,704
130,151
18,261
18,760
469,871
71,656,842
514,619,724,865,891
428,460
402,645,947
56,241,331
12,784,889
208,762,936
57,75
466,816
10,505,821
154,210,771
143,292,418,601
17,38,45,96,935
149,401,868
34,68,429
193,442
71,632
58,59,143
275,308,665
44,49,329
117,399
108,389,921
7,76,684,930
13,185,768
48,685
8,130,717
5,348,555,612,623
192,894
406,817,942
211,823
35,487,590
469,759
39,187,956
45,724
400,489
485,528
120,129,176,711
209,315
165,864
56,868
27,369
51,141
35,884
559,603
173,183,628
175,439
90,207,626
154,156,662
27,836
800,994
115,788
125,554,699
169,180,431,535
2,340
71,656
167,879,957
34,70,268
230,529
4,949
628,694
4,538
210,345
261,281
191,688,984
526,610
3,197
100,142
718,792,927
135,933,971
15,96,247,725,815
49,493,716
361,987
18,60
73,982
366,444
87,470
77,206
14,134,372,762
70,201
147,263
12,170
28,41,435
2,205
31,242,756
521,638,701,808
300,450,631,775
30,153
13,232,365
94,334
26,68,336
180,426,998
395,583,802
17,297,870
23,129,784
1,4,213,293
124,165,732
50,437,605,647
46,187,199,443,697
160,752,844,848
244,628,670,756
181,314,930
1,134,329
71,240
78,98,193,360
288,593
210,239,418
37,637,995
138,405
21,788
314,773,817
81,514,618
25,419,876
69,332,394,409
705,800
170,294
276,720,771,828
4,52,150
436,543
446,571
66,500,681
416,842
216,492
62,198,416,465
94,639,745
115,206,345,716
17,90
42,63
15,232,705
370,791
531,957
6,32
81,113,389,457,744
390,806,825
142,467
61,271
46,88,323
40,131
67,115,168
64,157,490
97,386
52,264,361,428
14,44
27,62,638
55,831
679,857
21,46,121,226
99,121,225
100,117,248
169,503
5,348
13,375
9,522
25,228,435,676,990
278,593
81,295,397,749,944
9,265
61,394
2,383,498,678
85,264
438,847
180,181
124,974
165,191,650,661
37,479,962
59,70,132,541
453,494
1,3
53,299
211,585,654
3,374,771
21,86,519,588
10,420,813
16,272
61,675
12,319,357
291,730
81,544,615
80,697
34,665,868
747,827
155,266
92,426
197,370,882,902
169,598
7,219
79,318
22,316,368,369,633
38,145
368,759
611,899
476,849
93,171
178,186,370,684
18,382
640,843
40,140,303,884
64,920
111,173,909
99,209
19,721,989
417,541,801,865,906
48,220
13,68,122,852
69,762,790
118,228,531
172,197,296,425
1,129
336,428
120,484
365,601
170,526
122,861
149,429,602
505,986
73,255,407
71,259
69,304
62,506
272,686
126,335,929
98,142,262
300,320,401
9,15,115,749
7,86,108
193,975
367,778
48,49,259
188,271,413
89,104,249,913
793,820
102,462
839,911
95,112,171
99,384
210,318,389,789
8,173
20,27
39,61,557,818
47,92,823
315,446
292,682
3,9
34,36
285,666
2,108
409,466,602
387,471,588,653,933
219,901
26,365,720
67,235
24,202
682,729,757
5,139
45,202,753
17,292,602
26,62,845
177,494,656
8,814
168,641
36,164,784,870
3,150,246
4,112,173,349
69,228,627
50,319,637
98,161,270
230,636,681
81,634
137,274
44,224
190,466,876
222,458,923,948
53,151,207,427
76,678
37,499
115,504
3,244
14,50,611
3,196,285
2,234,377
136,154,359,402
107,841
7,546
252,272
31,79
557,582,624
66,325
30,143
94,236
247,274
73,209,380,467,820
15,228
28,211,977
167,338,700,850
100,451
35,287,642
338,728
447,555
104,183,940
264,299
74,78
145,168,270,748,775
38,408
141,412
105,298,600
7,43,83,965
24,873
20,499,808,850
26,278,336,567
148,230,282,544
205,964
507,534
98,394
182,339,445,463,679
178,329,695,912
379,661
69,154,211,621
671,809,869
40,985
26,159
113,705
324,964
67,123,264
357,745
28,732,816
36,172
26,163,174
47,555,753
31,896
256,643
212,341
12,25
59,894
60,839
22,248,492,1000
19,92,547
175,215
77,271
32,214
441,979
19,269,385
79,478
42,596
667,872
164,327
23,647,721,835
245,892
169,458
284,480
284,633
161,828
15,190,261,280,666
1,442
199,387,401,444
1,330,914
6,829
68,139
102,256,323,855
192,208
70,75
220,544,568,617,913
6,140
196,512
20,78,325,670
235,344,398
9,556
136,450
54,67,517
132,492
21,571
82,184,694
315,932
8,331
37,97
31,487
24,689
33,523
39,154
246,903
13,603,853
217,257
102,967
5,38,69,79
377,504
73,806,934
116,277
143,245,267,488
92,520
77,262
9,35,302
40,435
1,59
302,334,899
14,161
8,10
18,130,411,453
148,419
289,796,992
272,634,944
28,473
8,29,94,429
19,403
12,93,428
416,896
12,59,247,405
782,924
25,26,105,965
96,97
40,393
82,184,351
27,864
149,205,502
4,224,681
18,28,529
124,312,362,387
85,793
431,475,852
260,374,497,621
360,617
189,190,710
174,753
14,216,939
293,727,872
123,939
728,750,927
19,120,464,586
116,207
25,49,373,426
55,960
210,487,996
67,196
286,620,659
125,518,725
154,680
19,33,243,628
73,88,106,925
353,854
176,491
18,33,479
2,76,97,234,480
16,39,196,284
235,557
474,506
20,120
41,365
158,566
10,24,672
639,711,895
49,595,799,838
21,156
73,452
361,577,662
415,472
63,309
92,98
485,737
51,296,340
38,237,544
238,928
108,297
42,134
105,230,411,910
268,772
15,18
74,211
74,109,201,234
125,154
7,54,350,489
314,532,581,962
10,817
841,994
45,196
189,332
135,380
668,899
285,766
27,56,158,371,424
4,311,773
363,452
65,931
141,235,764
17,680
151,622
512,725
44,127,174
181,536
130,282,407
278,481,498
85,139,150,791,806
802,998
30,108
42,281
104,233
116,652,991
11,34
268,376,680
6,236
36,285,411,878
328,854
246,348,431,999
234,253,611
44,76,422
57,481
472,637
79,577,977
55,102
267,765
41,238,332
42,317,378,556
149,195
143,294
196,487
351,397
10,414
33,35,72
184,455
45,66
320,397,554
14,37,87
71,122,543
21,730
133,151,882
61,139
14,51
18,117,741
66,87,542
157,198
143,231,650,996
519,755
13,213,254
20,381,752
7,390
8,960
9,20,936
8,278,634,830
202,797
75,420,543
107,155,166,561
106,414
81,514,705
72,88,119
5,107
225,381
6,181
131,911
60,87,442
15,138,160,266
25,48
166,615
45,265
87,940
39,522
7,29,352,575
45,53,308,334
1,88,268,836
41,454,595
194,692
188,215,390,785
46,399,573
298,520
140,374,493,826,867
33,138
354,988,992
401,941
3,213,454,492
41,403
205,206,535,876
16,114,208,804
204,673
122,323,468
150,516,567
8,27
12,329,423,490
47,368
4,663
402,584
15,23,43,396,920
384,862
538,665
28,943
730,807,812,954
74,109,256
41,122
30,60,207,492
753,855
254,706
177,239
23,29,276,797
14,123
27,585
1,283
23,87
9,646
242,327,678
57,501,634,900
142,146
23,31,68,86,220
137,167,328,367
7,241,668
51,523
47,90
8,203,441,913
129,573,927,939,978
5,375,521
24,49,56
80,526
7,90,125,241,757
140,148
486,922
165,306,587
323,635,739
42,197,755
88,173,386,560,942
189,344,360,433,828
46,114
69,501
1,147
17,571
81,161
18,140
20,32,239,498,803
45,108
99,379
696,781
103,669,887
57,114,133,261,390
20,300,363,641
8,10,45,68,263
30,476
2,209
543,561,831
6,199,226,272,810
14,919
458,795
2,188,497,980
1,577
52,179
6,53,178
758,830
243,331
35,60,82,88
49,431,505,513
427,569
50,103,680
11,647
59,516
346,377
80,970
16,612
9,384
364,465
391,629
34,202,468,974
16,52,195
81,91
88,509,901
168,238,554,776
92,225
26,580,665
57,285
249,326
164,268,358,500
27,68,126,580,645
147,506
659,973
95,434,843
308,982
93,149,640
131,702,970
330,678
204,501
257,292,553
356,357
140,257
1,106,136,317,934
42,230,520
99,388
238,328
9,149
596,693,772,973
117,509,969
28,121,152
98,104
53,259
13,121
79,922
202,260
208,726
74,241,346,776
224,337
36,339
125,287,451
24,252
62,64
26,331
75,122,157,172,182
49,134,867
483,574,858
22,497
170,297
118,448
21,46,54,163,294
58,171,209,327,901
62,852
133,879
80,356
41,376,394
35,610
285,367
138,489,670
22,661
3,172
62,273
274,290
2,242
22,166,938
92,100,459,864
309,338
231,373
20,453,508
47,55,537,553
141,297
80,236
90,160,372,389,474
175,619
278,433
25,439,664
216,844
283,506
5,715
22,51,119,510,664
2,839
36,236,342
5,125
194,449,943,999
32,55,404,712
217,318,449,625,655
108,502
101,188,483
39,57,260,618
2,686
89,210
32,94,355,944
191,255,269
1,112
33,833
16,300
106,107
29,120
283,763,877
352,553
113,397
822,987
236,871
48,561
44,917
50,218,921
173,362,914
2,162
302,482
30,79,160,590
37,234,727
17,442
33,1000
614,935
37,340
25,69
548,777
208,924
35,216,299,621,749
89,175
1,266,411
80,975
5,148
18,241
22,878
16,121
50,107
424,829
461,567
541,810
1,260,305
15,43,169
46,309,787
622,765
21,187,195
340,816
50,73,248
139,747
464,897
28,86,123,128,827
243,709
54,733
18,80,249
64,214,316,582,838
15,35,80,777
67,447
19,21,78,272,751
498,968
517,691
34,68,445,466
98,159,210,796
35,240,329,835
132,766
702,871
322,375,534
218,346
186,201,292,677
63,571
65,84,593,594,771
29,500,948
13,333,613,763
2,85,722
89,881,987
548,953
190,301
103,212,359,694
102,249,793
14,190,370
82,431
112,358,765
177,243,387,786
329,636
13,279,889
147,835
48,558
358,625,846
16,387
189,674,865
77,279
369,942
242,886,907
3,43,171,461,512
32,152
169,723
12,206,324
58,840
51,557
100,229,547,983
471,828
40,291,403,803
174,374
71,218,355
303,619
45,480
215,232,302,405
19,33,79,425,948
1,4
381,741,925
177,294,560
207,833
51,54,226,624
159,195,472,549,849
3,318
9,632
111,573
218,326
121,141
69,586
481,504
89,726
8,208
87,257
467,503
354,916
16,381
46,547
99,251,340
310,643
1,109
39,848
430,731
437,504
28,41,69,148
508,941
53,229
107,321,385,652
470,532,946
45,119,179,704
5,310
480,821
82,415
7,14,612
288,627
84,732
128,696
115,270
90,486,517,557
92,199,280,650
150,599
7,378,710
23,40,68
3,75
2,8,22,288,456
202,851
278,523,752
68,421,593
80,105,416
14,376,722
74,99,340
64,98,112,160,219
3,296,371,432,507
79,266,532
101,104
130,164
7,378
113,459
28,40
38,243,811
44,60,81
407,588,686
48,403
83,712
34,301
6,112,144
12,941
332,718
485,757
247,344,581,864
32,533
26,395
28,146,406,913
38,358
197,303,515
72,129,591,663
78,154,496,628,629
107,175,398
20,70,906
67,77,392
85,100
106,715
65,117,436
195,590,694
161,796
15,621
118,146
37,217,381
152,200,754,998
245,357,494
31,136,428,699
2,49,198
216,391
116,505
63,421,795
4,33,38,242,978
19,403,404
212,416,494,731,886
220,274
23,120
39,432
231,276
95,538
60,93,129,164,407
477,696
527,809
41,959
15,581,627
13,19,156
210,355
90,419,479
26,760,805
53,131,202,931
16,19,163,908
3,47,185,334,791
116,163,730
538,539,727
26,108,201,976
578,679
289,475
129,754,994
274,981
249,569
263,427,468,982
57,639,674
18,95,438
353,360,640
93,162,272,342
149,508
31,695
54,338
16,19,46,145
105,976
168,256,673,833
246,297,352,534
132,438
54,158,529
163,222,356
9,83,757
8,228,271
189,394
392,447
411,477
145,380
58,117,119,169,786
124,488
144,489,799
2,17
282,315,527,834
17,286
24,432,892
221,364,380,949
52,840
253,507
544,578,834
196,461,592
263,327
16,54,658
381,619
352,717
81,148,289
13,37,235,237
181,443
133,180,330
13,20,121,908
31,62,424
287,952
152,155,617
3,483,936
18,171,659,672
56,540,591
66,719
2,763
10,70,98
47,252,836
8,63
159,459
59,76,843
86,813
650,748
55,490
48,199,429,546
56,683
17,44,83,96
9,984
77,117,441
144,225,615
49,92,312
105,345,779
288,412
3,395
250,500,545
62,72
156,441
273,299,334
72,388,476
46,474,506,745,895
152,218
56,151,168
159,183
83,350
55,599
9,79,556
341,377,408,777,927
623,989
109,176,681
15,17,125,269
89,113
11,213,478,517
147,492
322,666
183,335,406
134,292
23,43,111,894
24,48,152,287
2,460,969
139,677,955
94,533
98,513
111,415,624
63,158
344,371
17,117
11,645
33,126
146,374
170,198
49,400,723
92,440
121,945
551,912
255,533
162,293
44,147,237,689
433,729
289,294
117,705
298,975
1,157,967
29,214,769,862,924
107,143
115,559,780,869
824,881
23,516
182,356
2,237,481,812
2,377
171,269
184,443
26,37,892
86,169,326,384
933,978
78,838
146,202,306,576
55,80,295,777
22,160,231,606
502,887,992
283,606
129,307
270,334
22,123,900
134,478
126,526,632
51,116,187,657,752
644,658
87,386
288,305
39,321,354
25,58,147,284,515
23,930
23,53,383,644
209,585,737
77,513
425,460,589
45,185,735
32,928
119,631
11,847
3,29,171
44,537
132,408
475,917
193,488
191,486
109,477
453,974
125,197,515
371,608
446,502
396,613
58,346
182,233
35,427
77,84,283,536
275,333
13,52,976
5,564,566,594
39,287,558,956
619,633
613,729
80,214,230,336,702
296,323,887,973
167,321
75,615,931
16,174,701
259,337,777
131,295,898
4,119,983
10,228,304,496
6,304,948
414,915
383,457
317,350,920
28,273,997
153,824
115,622
14,37,138,190,867
27,143,366
51,314
1,38
295,851
17,105,118,224
657,782
57,108,182,721
58,69,107,227,357
102,127
83,490
653,790
3,45
32,693,845
4,214,566
380,707,812
539,860
286,342
17,66,407,499
127,296,457
660,663
34,504
246,385
49,77
167,559,575,755
164,308
12,227
50,232,424,923,951
37,219,643
95,508
36,605,611
2,65,165,628
141,318
33,79
12,562
46,387
181,212
27,188,428,902
155,580
264,334
153,232,458,545
46,499
110,215
426,572
203,410
58,282,693
384,801
58,403,457
182,754
180,446,520
136,232
7,108,278
229,840
1,46
6,183,259,482,584
346,349,980
41,91
3,462
36,57,825
237,707
94,218
87,249,562
491,757
50,967
57,127
7,131,258
227,486
501,644
15,96,603
770,989,990
25,649
394,794
2,100,708
159,995
8,10,336
290,943
66,96,186
85,815
7,601
33,118
28,279,518
62,103
27,719,845
788,804
608,939
11,89,109,773,813
75,392,487,539
6,77,168,419
10,32,104,256,908
71,585,685
64,101,320,687
43,667
2,11
47,156
252,751
334,373
155,167,178,414,565
403,501,629
20,43,174
410,520
579,796
55,569
177,178
9,60,194
3,56,293
47,512
135,400
103,336
215,318
73,605
32,339
116,247
5,221,996
56,58
261,383
28,93,277,706
48,418
16,546
59,774
7,395,675
320,475
97,770
21,52,195
36,175,744
8,373
400,816
136,395
2,22,123,140,347
253,618
414,778
8,56
559,911
161,289
44,66
85,188,615,690,693
888,954
3,199
545,725
8,84,369
69,328,954
446,847
135,240
4,171
5,775
53,185,232
95,393,439
3,310
306,605
268,482
28,192
722,735,755
183,222
13,484
293,613
256,368,662
39,837,842,926
35,181,434
86,205,226,326
26,173,429,443,594
101,890
14,23,267,510
233,519,633
76,654
11,134,250,790,896
109,251
212,480,609,627,857
52,116,288
119,549
56,349,958
695,890
72,531
249,672,865
2,99,211,386,823
281,345
125,290,299,935
22,28,250,720
311,345
12,863
38,157,926
216,497,835
18,466,601
617,734
10,61,68,309,761
40,252,473
294,547,830
530,642
386,758
13,324
31,890
104,682
103,302,568
32,656,925
35,295
128,259
270,746,866
169,237,278,317
24,358,997
18,337
13,596
15,216,538
4,80,188,194,953
247,601
114,153,793
459,862
655,916
191,200
178,414
3,565
124,366,613
67,704
78,163,179,812
182,276,746
1,107,279,920
14,217
66,213,528
6,656,746
309,323,584
127,668,929
7,84
18,97,287
116,859
39,598
304,580
2,511
18,371,724
28,206,448,527
3,226,363,617
51,109,372,409
53,509
282,974
78,225
95,708
44,382,508,849
139,425
43,61,275
59,60,118,220,603
203,313,406,481,817
190,367
246,750
39,609
162,166
30,178
98,740
390,859
97,354,932
288,383,782
192,660
27,378
23,988
38,165
57,713
7,689
565,608,694,765
12,199,843
160,575,605,675
77,190,344,574,852
34,422
63,172,187,290
82,346,430,608
417,837
77,223,882
104,488,633
6,168
11,142
26,76
51,225
12,525,542
29,174
148,729,903
9,166
257,728,807
144,477,559,824
2,16
16,168,252
50,72,155,875
804,841
47,57,263,684
58,588,592
93,346
95,170,960,977
76,904
58,404
39,135,300
109,630
80,85,692
114,579,851
339,632
14,597
449,893
6,541
157,197,242,284
29,31,47,280,900
21,61
902,906
102,993
18,62,135,909
479,697
61,132
81,820,988
242,851
344,413,709
205,517
7,76,215
5,25,176,262
464,621
593,697
167,674
255,410,494
78,616
14,484,518
430,631
127,177
100,104,997
72,821
3,651,958
286,290
714,878
386,746
19,21
50,90,153
6,218
146,691
110,418
14,58,65,620,872
115,318
21,658
149,221,741
239,956
88,952
113,413
71,685
74,389,626,780,785
47,534
75,673
63,270
34,217
463,639
581,700,971
246,574,729,866
161,413,552,778,916
12,34,239,332
71,230,509
218,681
154,365,376,540,968
2,8
134,909,951
91,530
173,719,885
792,972
315,571
72,215,495,623,984
86,404
16,808
41,656
3,45,66,712
319,822
99,317,823
566,969
294,604,837,975
248,302,934
75,151,276,952
333,551
79,165,474
205,232
53,223,646
12,17,524
9,160,938
223,349,420
7,293
159,270
129,286,374
8,77,156,437
5,281
549,723
3,261,673
32,58,102,478
72,423,690
20,42
301,406
465,990
166,474,642
67,733
456,584,979
61,275,309,328,513
26,304
326,638,703,737
47,78,842
124,167
43,339,826
124,244,854
261,275,345
53,85,131,897
286,379
32,451
25,68
12,325
112,450
101,296
95,666
111,422,893
137,388,489,947
90,204,713,717
15,64
20,444,742
19,21,432
33,496
2,70
114,385
206,461
5,50
74,770
219,375,526
153,352,972
120,133
15,382
40,883
320,908
43,645,710
66,549,562
97,227
53,518
17,38,162,856
35,500
94,740
162,937
6,12,262,488
124,478,906
419,877
62,321,648,999
262,487
59,95,243,500
827,905
6,177,245,652
49,342,887
254,416,620
342,844
10,259,489
345,563
161,731
281,319,445,882
20,41,217,624
27,158,932
10,644
139,192
336,409
5,266,774
309,603
118,162
150,423
68,262,434
33,141,573,587
72,396
114,280
387,519
310,733,965,985
11,317,759,880
31,328
66,120
76,679
11,565
235,753
67,342,691
102,172,265,619,855
90,734
363,704
305,891
15,788
271,627
8,110
1,73
17,72,200,573
54,277
52,141
359,845
810,884
11,78
51,326,679
17,637,728,734
55,313
244,248
40,918
127,416,858
36,800
33,136,994
30,35
10,28
181,314,637,810
24,32,189,212,316
13,774
105,377
5,748
20,320,343
41,665,829
419,607
247,376,718
205,306
27,52,200
267,295
47,128,273
61,263,951
407,636,768,941
67,144
12,408
464,602
3,490
113,804
379,469,861,962
57,169,212,651
106,310,653
230,472
24,133,327
424,880
51,734
14,38,87
324,387
8,959
48,66,894
109,539
24,201
118,455,521
129,170
5,34,87
88,236
12,236,360,616,630
24,151,702,869
100,115
155,305,687
12,248
85,185,258,296
260,543
143,486,887
26,225,439,631
439,524,910
226,641
229,258,851
18,60,764,955
227,531
153,393
89,103
25,51,291
88,305
25,471
38,153
1,179,193,255
186,890
456,798,863
13,785
18,253,923
152,241,365,420
400,992
137,266
219,783
24,291
21,300
84,568
9,597
57,770
64,841
49,275,871
343,381
5,67,182
25,311,461
124,250,550
165,179,283
92,485,657,759,960
6,38,167
5,22,31,110
101,295
308,611,921
112,892
35,455
166,748
47,69,178
4,81,115,916
19,21,523
334,767
347,649
85,506,734,924
131,314
10,103,942,980
164,846
789,819
7,35
25,83,496,698
253,331,846
94,104,233,240
28,561
59,659,996
223,355,494,944
53,120,291,434,523
291,401
396,650,920
179,206,873,954
149,203,267,304
229,324
128,700
300,592
5,830
257,652
137,592,691,767
14,283,437,874
376,609
3,134,277,915
286,347
4,545
272,421,432,838,971
297,358
160,314
187,979
114,434
193,360,654,861
36,425,825
444,455
63,992
56,82
150,277,337,981
563,820
71,117,255
11,883
82,351,742
7,51,457
17,198
4,39,132
46,290,964
120,438
99,760,801,850
94,509,832
82,269,834
313,980
4,112,231
6,35,158,187
15,198,958
165,338
226,547
54,99,551
632,986
53,71
110,254,806,865
97,201,875,904
433,900
88,758
291,561
408,495
184,191,408
75,90,114,323
16,29
40,56
5,506
79,106,137,761
202,375
26,409
52,673
566,991
13,96
144,448
149,325
32,340
174,323,512
20,309
256,880
34,49,529
7,8,321,359
138,227,388,698,699
2,50,553
110,160,375,676,728
692,702
43,469,945
52,195
37,763
655,814
267,713,893
522,918
246,249,267,468,471
108,136
1,12
41,761
467,743,998
18,88,100
159,683
121,787,840
42,59
13,135,814
141,350
170,525
84,791,853,916,986
53,622
5,73,482
18,20
22,425,533
444,453,825
298,929
47,87,335
374,951
188,420
218,667
28,214,762,894
353,744
426,581
7,126
125,388,687,930
16,92,137,396
8,161
84,192,415,598
104,177,236
15,966
73,227
116,373
25,78,266,831
373,922
194,532
23,224,888,982
176,217,652
31,63
274,348
2,89
86,696,758,800
102,710,787
659,794,802
164,716
10,97,315,658,893
8,586
77,155,312
47,470
682,807,999
391,970
119,251,366,737
31,107,110
186,898
1,25,204
255,356,370
33,106,474,476
5,72,266,335
26,68
62,522,718
681,801
41,504
4,5,331
555,686
22,73,452
696,876
62,126,798,993
268,364
258,264,267,427,537
88,277
393,670,698
60,173
134,977
145,290
134,322,667
17,238
298,615
5,527,573
616,721
19,20,279
49,153
501,514
7,28,126
13,875
63,444
440,453
724,876
90,259,548,751,981
180,193,214,880
22,256,307,547,764
185,556,796
42,83,98,130
134,245,550,673
1,153
253,689
48,415
183,598
10,32,233,832
41,51,72,719
86,99,460,776
31,194,248
108,550
8,38,145,368,599
10,61,991
314,912
434,819,839
44,170,361
1,11,231,412
266,918
91,142,144,646,820
178,722
293,467
70,123
10,848
88,251
23,320,582,738
396,510
3,102,172,891
54,158,187
306,981
227,594
549,853
4,645
14,225,226,542,972
51,360
103,203
19,117,516
45,50,130
20,21
75,660
67,103
459,492
145,301
21,181,853
28,313,418,558
12,23,524,714
52,324,401,953
26,29
19,34,493,743
85,914
4,18,66,399
38,257,941
60,93,308
239,278,337
60,358
29,119,785,837
380,446,624
239,455,614
6,240,488
274,690,931
185,204,937
356,475,890
5,42
142,809,811
35,195
92,100
532,869
81,251
48,216
23,370
528,736,858
27,421,455
405,475,647
507,961
28,912
19,46,551
223,950
91,146,413,448,799
103,400,568
94,132,230,946
32,182,223,687
119,393,560,647
83,786
40,670,700
97,113,576
276,938,971
105,163,679
3,195
131,185
567,721
6,946
21,165,632,977
40,407
303,723
460,904
502,634
252,752,933
139,145,343
443,730
13,835
5,823
9,33
2,131,271
74,153,329,385
390,462,605
649,751
479,795
93,476
146,552
126,625,915
19,254,303
222,423
203,292
8,212
54,333,397
37,101
184,221
126,423,860
145,663
109,142,473,691
83,832
43,411,852
595,724,838
22,220
14,17,354
94,161,598
142,732
313,966
16,405
503,860
101,280,447
99,658
510,801,938
11,117,254,719
115,398,699
69,228,299,432,545
207,677,816
170,594
22,76,666
43,454
574,968
23,243,325
7,239,422,708
197,485,653
558,875,928
12,24
36,151,655,749
37,495
551,971
113,503,919
29,63,736,937
101,961
258,810
51,375
124,476
411,715
36,90
273,303
2,8,26,433
31,312,597
133,767
68,91
2,811
129,935
30,46,157
479,597
33,360,408
305,952
83,96,382,391
234,742
111,483
132,564
13,704,707,814
61,150
5,395,482
36,286,580,968
194,367,530
81,413
49,100,140
491,965
110,138
82,542
133,299
169,449
141,187,432
163,180,199,596,787
850,987
16,51,91,124,550
79,131,366,921
19,46,316
65,76,136
93,792
2,943
2,367,524,574
45,57,859
14,15,30,120
137,587
81,338,384
91,477
248,747,760
55,583,856
310,674
19,995
200,312
112,568
362,837
23,65
107,268,585
36,163,254,917
1,349
145,495
70,575
64,214,351
133,265,608
66,181,433
246,265
89,201,209
341,617
14,641
183,445,609
55,382
147,362
164,188,402
715,802
222,786
26,370,371
219,540
306,378,561,660,809
3,471
76,315,901
43,44,74,233
90,251,348
72,106,202,957
166,493,799
24,35,396,606,940
230,896
211,898
13,54,351
494,986
22,486
85,461
112,224
325,497
300,314
24,41
372,711
354,481
480,789
43,49,362,430
64,157,527
14,111,464
282,385
290,653
6,599
316,373,554
64,257
102,128,212
767,964
110,575
43,163,413
676,747
96,338
445,584
65,112
36,263,337,836,911
30,110,670
16,888,951
175,403,882,936
71,196,726
259,371
5,156,332,738
465,970
847,965
140,620
344,431
60,374
129,179,521
20,35
28,364,429,658,999
601,672
2,89,205,284
174,397,814
87,123
86,460
66,335
41,111,819
244,302
13,606
12,189,582
13,46,49,56,179
234,419,563
18,75,224,685
337,699
63,76,572,635,758
120,399,558
58,130,224,524,924
199,453
132,425,898
42,458,491,614
1,961
31,37,137,963
289,693
35,231
23,121,874
29,58,347
72,204
108,220,784
442,599,626
70,184,214
348,779
71,75,299,589,687
18,464,769,888,949
48,868
86,327,361,368
288,914,963
3,45,229,660
8,55,534
84,226,266
546,805
184,349,821,881
22,600
191,464
286,391
726,787,939
109,737
440,962
198,355,448,583
59,155,967
106,692
311,949
274,675,829
138,443,872
138,483,590
4,73
10,194,564,863
480,805,815,885
42,128,345
220,424
159,447,988
215,335
15,903
4,271,284,450
37,685,751
238,322,326,654,886
36,226
102,436
511,713
5,532,775
73,367
116,273,468
193,633
417,895
13,306,622,686
31,496,858
44,210,528
340,822,886
42,130
3,280,427,592
546,927
25,64
4,38,157,372,967
4,7,110
144,769
52,707
436,525,877
61,126,341,980
17,813
257,399,638,676
347,378
104,195,380,742
105,589
78,116
33,184,535,698
6,100,118,919
448,799
32,104,245
123,385
357,736
60,82,385,430
43,147
125,664
4,45
118,207,312
235,378,394,498
136,198,419
206,275
11,104,402,513
4,96,515,709,906
22,778
74,216,361,578
8,269
34,40
223,485,861
19,277
235,247
392,698
190,877
16,54
465,589
129,305,500
277,528
293,662
155,583,611
456,514
708,803
30,33
3,372,902
221,267
107,663
39,493
59,65,171
857,982
258,457
74,89,368
65,297
13,415
299,412
140,144,161
27,126
221,495
95,244
114,186
90,987
49,239,966
19,47
12,38,172,250
60,434
63,137
21,63,324
74,94,220,307,931
56,69,271
67,572
462,677
35,355
127,436
6,146
118,140
27,436,703,858
156,354,713
120,522,590
70,213
142,675
87,578,708
411,815
3,307,425,701
19,52,640,950
859,870
75,833
67,180,954
106,261
330,885
359,819
2,11,211,742
63,148
2,76,305,646
71,828
83,584
39,61,554
567,648,911
207,280
22,328
10,111,456
122,390
231,600,875
10,410,651
13,398
154,439
2,907
7,8,43,152,421
22,200
16,655
121,732
36,115
80,241,879
20,225
52,123
96,552,738
205,498,683
17,190,313,332,417
5,18,326,531,599
15,818,909
135,272
6,179,282,451,928
68,84
125,147
34,61,73,184,482
4,5,382,499
1,311
1,281
69,743
128,176,984
5,59,521
30,312,405,508,688
74,776
41,130,921
32,105
191,726,966
80,91,449
65,521
37,616
60,805
285,684
109,284,638,685
476,731
283,542
35,250
76,315
321,496
14,29,65,393
7,313,441
18,137,158,330,862
321,985
48,56,196
113,740
452,467
247,910
113,389,552
42,169
160,783,794
25,315,898
223,533
250,907
356,623,642
124,250,400
74,192,210,352
42,82,93,948
136,756,809
23,59,318
557,618,740
94,376
122,151
231,310,938
1,75,227
122,295,690
122,333,630,957
215,576
75,507,579,717
19,38,394
5,343
225,571
34,209,410
106,773,800
171,962
149,176
14,834
6,238,397
188,505,604
21,40,509,781
194,826
85,197,936
107,798
69,84,126,415
198,606
20,158
972,995
36,101
31,187
6,166,669
63,310
91,743
90,600,616
20,98,507
546,930
6,983
9,270,539,562,638
34,364
71,324
2,714,813,883
369,609
84,291,986
46,979
795,995
80,104,301
21,86,105,591
10,203
142,482
6,651
127,589
242,262,269,989
128,337
6,23
74,88,377
155,335
458,912
46,319
4,98,826
144,206,330
63,740
164,222,332,454,636
277,612
86,934
55,197,950
14,121
32,71,255
105,746
11,80,350,576
319,386,781
10,17
592,750
331,797
48,183
62,402,683
21,146
9,515
307,438,515
40,162
260,738
321,435
11,21,41
171,899
72,113
7,24
75,83,258,463
189,484
126,246
101,716,840
303,357,687
24,510
122,195
330,555
22,83,167
4,469
1,53,406,654,923
1,38,43
72,996
105,234,454
323,471
7,26,316,418
6,94,177,298,669
24,42,72,710
313,353
245,678
361,649,716
25,191
9,30,93
6,165,193,304
139,583
32,177
62,97,211,361,668
39,56,672,774
63,78
77,523
192,570,857
168,338
217,429
12,121,509
228,465
42,89,163,488
292,824
117,263,667
74,518
156,183,189,439,683
223,238
30,55,122,587
302,548,620
189,287,676
4,846
671,774
54,83,593
3,483
254,647
118,570
52,290
73,153,438
139,203,298
11,727
231,273,302
52,398
84,132,309,452,950
50,143,280,392,597
668,680
200,353,558
336,530
24,77,113,477
391,849
242,860
2,682
133,856
48,308,575
138,922
40,190
189,626
182,441
24,34,978
735,958
114,151
97,300,449
7,845
47,583,886
27,664
1,2,446,714
269,706
50,137,535,650
11,866
47,55,578
49,830
3,228,253,846
224,762
123,296
77,993
369,697
56,127
134,540,883
8,34,363,562
765,960
572,635
146,162
42,695
8,16,67,427
175,831
129,260
4,963
106,301
1,792
193,223
544,766
62,69,463,640
70,221
24,347,874
511,934
545,827
459,844
410,581
38,59,399,555
279,643
536,767
23,74,346
139,175,279
112,148
22,87,101,550
31,166,671,720,973
399,591,866
178,222
147,157,892
11,319
17,484
8,16
43,348
9,191,735,878
688,964
22,452
11,242
41,204,797
12,253
31,194,245
25,157
145,343,889
215,489
150,233
65,591,657
9,341,991
214,311,454
347,598
20,55,203
253,570
67,186,241
145,355,776
64,626
20,69,147
52,741,793
625,709
7,36,128,263
422,991
45,240,459
60,228
48,449,985
71,281
749,760
124,703
118,247,733,910
5,843
29,390,460,878
629,637
99,895
159,398,867
430,630,928
96,149,171
159,206,275,804
201,646
235,310,491,935
331,458
152,771
191,289
56,949
4,516,969
234,365
209,818
8,156
144,514
6,410,526,604
240,484
95,132,229
103,903
98,431
76,211
123,739
569,873
13,252
51,174,426
40,703
43,176
53,955,959
67,826,998
30,414
11,162
244,306,904
258,806
93,260
100,118,162,426
522,786
218,356
5,191,283,335
287,897
62,82
471,692,695
41,428
85,106,308
537,636
29,50,144,783
11,235,515,612,867
173,212,603,803
40,156,167,229,405
362,466,636,997
2,34,68,766
62,98,243
424,536
272,457
270,582
2,420,789
192,943
322,881,914
9,31,155,366,536
341,652
11,832
77,905
47,114,122
94,414,854
17,66
79,450
53,237,868
183,563
649,848
84,122
15,141,226,470
26,388
27,40,61,364
20,27,180
18,138,317
37,612,657,701
550,790
58,855
352,508,629
148,409,574
128,202,692
572,756
64,297,711
200,289,423
502,780,869
101,470,684,798
20,180,363,748
32,113,447,833
2,48,368,635
52,219,396,596
109,596
30,899
11,88,630
1,15
342,889,959
23,26
22,30,70,103
1,549,614
20,320
93,472
201,319
4,260,693,741
17,265
62,451
11,82,398,706
84,373
97,807
200,227,450
106,213
364,802
17,70,87,631
66,689,815
14,82
82,237
14,42,540,595
463,616
44,274,311
19,279
166,322,947
91,206,618,780
22,34,91,260
39,629,918
105,218,276,639
25,33,576
484,768,769
250,536,674,915
208,392,966,990
140,262,582
9,192
76,317,327
24,203,241
46,54,277
614,874
93,243,311,329
495,606
27,34
45,186,264
95,224
44,152,442
22,340
220,422
503,513,905
11,668,773
80,463
132,221,322,675,763
16,511
1,4,147,423,591
6,761,893
37,707,747
207,604
193,203
79,271
1,209
567,577
217,282
16,588
150,473
43,188,595
25,485
46,141,700,860
81,499
65,111
64,281
54,219
28,857
5,197,208
11,182,646,678
119,265,654,1000
127,470
6,14,64,384
6,602
78,933
222,294
67,100,354,505
174,265,303,891
540,648
65,541
38,919
13,54,543,834
6,136,519
307,940
9,24,241,268,655
233,818
68,108,438,643,772
437,918
192,417
68,144,932,937
264,527,541
176,764
181,610
5,91,92
174,196,204,674
13,20,100
29,723
402,736
192,339,669
18,44
86,135,560
395,437
30,397,502
18,29
99,285
44,297,602
38,59,1000
37,782
25,219,496,792,978
214,905,956
173,408,974
333,551,739,808
6,51,245,255,975
12,328
249,783
238,946,983
15,173
7,61
201,330
97,510,772
764,870
39,528
304,618
26,27,68
37,325,498,853
96,132,237
55,391,395
36,412
76,110,639
347,772
16,275,720
372,782
79,244
36,370,462
172,269
7,135,161
9,19
420,856
42,940
278,316,422,682
4,66
37,268,791
16,293,563
322,375,785
7,339,511,594
12,120
122,128
80,424,514,755,863
287,291,399,445
4,738,841,872
40,212,316
325,393
30,97,131,133
27,39,48,59,644
30,168
135,288,795,908
481,684
1,455,660
204,613,888
86,121,124,140
10,917,944
26,45,138,794
199,499
102,176
158,180,208,225,412
151,229
44,608
1,81,866,901
284,333
148,569,607
477,642
78,244,427
145,317,554,565,577
19,69,219,822
208,689,983
25,329
11,84,313,341
35,61,99
33,51,168,445,604
435,579,745
46,343
262,691
183,271,292
3,164
6,518,525
3,267
335,559,586
15,172
19,58
88,120
24,634
58,59
53,186
11,101,156,180,664
39,331
189,417,824
187,919,961
73,817
92,959
17,23
106,187,900
64,190,472
12,504,822
179,421
135,238
10,31,363,610
251,256
176,259,382
54,535
96,353,871,968,985
78,451
661,1000
172,669
105,236,379,442
353,750
715,831
552,731
248,690,945
52,71,303,533,825
164,478,491
27,102,131
23,29,254
161,505
33,143
89,123,150
43,85
265,273
336,454
24,407
70,881,993
10,491
448,463
19,364
4,30,84,162,819
159,644
25,570
343,412,641
86,326,511
21,727
58,89,848
103,909
128,249
37,148,493
19,39,85,146
15,885
37,348
30,73,107,200,450
112,525
258,635,756
64,70,153,440,595
41,227,889,937
466,586,956
43,548
185,264
352,357,531,803,957
116,680
9,30,108,165
56,797
10,40,111
211,769
115,137,327,503
119,151
12,65,254
244,922
224,307,631,832
95,111
42,456,538,714
188,775,942
252,294
101,607,855
17,29
240,276
319,659
143,662,955
42,47,60
97,155,412,418
456,627
237,281,516
151,421
251,342,406
53,57,229
953,989
150,470
14,148,359
83,391
21,261,358,468,614
383,556,568
405,926
3,114,517
93,588
1,123
1,157,198,222
248,926
26,437,570
