26,317,658,759
295,481
471,950
41,61
270,596
128,192
330,346
24,279,395,597,606
134,562
115,235,796
59,96,524,647
280,473
2,164,326,446,654
64,239
40,239,313,501
2,76,234,502
26,402,816
52,225
220,283
677,902
31,226
47,177,926
12,743,767
83,147
425,470,601
254,308
149,237
44,152,450
201,424
17,64,322
21,261,358,435,467
12,219
199,288,508
140,892
137,367,405,519
247,318
88,714,895
6,503
24,440,559
529,725
340,342
50,221
66,260
60,95,325
767,865
5,134,182
58,233,265
16,367
52,844
208,599,692
56,77,852
3,553,891
36,301,422,437
140,207
31,398
543,810,873
290,553
69,529
83,385,394,404
578,632
175,791
424,464
46,338
120,614
34,263
442,958
292,359
7,269,331,364
207,622,651
6,75,168,419
102,444
39,148,291,568
87,754
2,137,724
19,37
8,312
28,648
50,79
32,356,745
1,107,279,928
58,429
668,923
30,160,178,184,307
411,935
338,421
39,292
26,70
226,380,434
17,82,161,864
126,457,504
64,579
17,947
30,659
382,458,474,652
88,123,173,560,942
38,111,112,132,265
43,142,905
48,845
13,51,135,252
57,207,677,931
156,493
80,177
20,640
500,553
29,117,738
56,664,672
90,122,608,984
242,813
115,240,249,727
1,557
39,48
424,947
2,770,823
128,462
276,509
10,316
28,206,447,527
59,246,248,405
38,164
6,16,32,80,442
58,391
71,692
135,814,830,954,979
89,123,586
132,290,548
286,322,855
51,234,983
707,815
120,407,601,706
52,723
22,576
125,607
349,713
88,883
60,442,704
58,117
136,312,610
14,56,378
1,226
11,103,231,411
188,344,359,433,621
36,286,580,975
3,334
18,80,248
37,613
35,42,329,456
38,238,338
92,346,741
763,949
9,178,186,698
17,190,332,388,417
136,562
20,239,497,531,803
94,339,492,746
22,110
190,274,813
568,999
5,194,250
62,973
299,836
99,760,858,920
10,327
1,157,974
37,325,498,860
304,676
62,68,69,378
218,312,546
8,130
58,271
6,575
498,568,954
572,662
10,80,297,734
2,76
732,992
345,988
150,586,874,876
55,888
261,341,367
66,278,407,499
80,223
107,321,384,652
49,620
112,364,829
5,244
91,144,146,887
67,100
108,652
57,85
483,569
95,100
64,209
21,57,295
7,10,99
56,671
44,69,170
212,537
31,623
11,798
250,768
126,538,644
121,214,290,838
26,174,828
283,653
13,54,763
208,684
28,30,91,519
507,851
55,679
32,35,215,298,749
382,848,912
217,885
39,140,302,891
27,341,374,437
25,100,152,217,885
90,961
40,56,439,710
39,44,407
413,447
38,39,359
92,199,279,662
770,956
36,677
137,592,691,783
679,692
11,504
211,646
90,91,121
150,323
293,400
4,281,723,768
12,490
395,672
108,221,643
11,220,250,790,896
231,642
41,227,896,945
115,415
104,472
17,161
18,136,869
4,96
155,519
7,158,160,172
70,71
146,206,275
85,263,468
92,162
122,273,705
414,688
77,344
231,718
6,21
47,249,297
261,911
105,182,255
52,252,510
34,100,581
43,140,872
40,103
274,854
47,133,174,750,955
34,56
45,165
158,282,779
63,157,827
94,511
10,758
4,52,639
29,297
37,52
40,69,228,432,545
236,253
12,549,977
15,60,417
448,692
239,255
48,198,429,546
6,670,832
6,669
66,98
7,328
45,717,744
4,271,284,449
117,518,772
190,228,316,338,615
215,495
477,691
39,148
302,530
89,326
19,50,153
1,41,214,237
9,30,535
276,603,667,960
426,939
35,199,995
314,700
7,28,148
881,941
21,505,547
308,948
262,396
77,344,557,780
24,364,583
153,560
30,42,717
72,143,274,941
7,8,25,121,817
152,485
65,213,539
191,422
22,99,880
50,283
272,432
151,229,579,592
296,336,340
558,832
75,753
502,732
4,111,541,625,935
188,619
469,759
84,968
144,225,627
85,214
52,308,569
216,391,686,958
230,339
178,273
32,687
8,67,68,427
365,640,953
2,168,277,317
422,814
423,514,614,755,863
43,614
29,390,459,886
124,311,361,387
379,397,814
53,283,383,882
13,782
61,332,736
13,360
2,203,288
5,57,373
51,109,371,409
212,313,697,990
354,426
320,912
79,610
76,370
834,841
120,167
50,628
75,417
106,394
23,518
98,118
390,730
3,10,976
114,167,790
410,648,754
114,382
41,125
22,27,262,735
84,126,347,518
6,32,71,606
45,120
47,594,629,771
251,407
101,133
109,384
181,199
130,307,385
90,101,731
27,39,373,561,989
92,503
134,412
409,664
92,210,395,758
399,748
43,120
22,23,432
60,96
62,341
2,205
40,241
16,20,187,387
68,241,956
249,425
26,68,336
139,267,512
157,504,614
120,694
76,646
67,82
245,608
141,421
99,957
100,118,788
188,466,949
3,258,310
320,380
260,655
6,94,104,526
28,421,435,570
68,287
601,748
79,168,280,338
176,666
64,123
248,784
92,138
70,93,549
202,299,427,428
371,461
25,354
548,783
57,280,473,731,902
336,459,626
1,147,349
8,29,93,429
231,600
269,426
393,935
246,512
127,355,818
75,113,151,446
4,42
266,287,311
87,411
54,187
512,750,961
36,624
5,67,275,354
46,305
208,932
211,327,856
186,301
177,323,894,981
339,358,510,710
16,782
127,249
36,185,299,677
71,356,983
112,583
129,310,485
10,204,663
661,884
19,33,220,628
193,238,347
84,291,946
24,212
668,913
59,173,433
261,806
22,30,70,524
4,65
144,206
7,88,350,379
314,991
172,241
868,991
77,534
198,486,521,569
739,961
80,241,639
36,175,619
108,509
19,850
20,86,519,588
287,475,514
1,232,515
4,692
7,9,191,670
46,131
151,244
203,865,895
60,538
15,621,689
2,8,12,236,360
11,82,254,917
189,893
95,153
125,501,857
53,133,196,303,436
705,882
14,15,123,436
134,429
31,83
21,430,557
379,530
81,214,774
672,776
211,289
202,525,738
99,164,187
116,219,953
23,254,330
129,130
260,721
101,824
113,342
102,791
326,368
332,551,820,977
124,250,272
287,586
92,852
323,383
600,927
9,138,155,227,310
190,633
212,243
73,304,712
35,312
78,806
108,438,643,657,772
15,82
6,843
285,825
61,728
146,321
29,96,963
9,15,115,749
170,454
54,99,419
113,993
30,155,695,922
559,831
17,431
21,168,294,554
280,420
372,422,496
105,333
526,940
65,545,989
3,9
18,123,132,429
84,103,419,956
127,229,264,462
268,905
367,998
13,793
630,678
53,89,114,265,699
2,86,206,242
192,441,465
70,456
120,157,177,484
65,111,290,376,652
34,37,444,465
292,879,888
2,409
3,134,276,922
44,719
33,72,141,215
133,159
234,368
74,333
10,203,421,609
172,183,687
121,499
365,797
553,653
666,822,866,886,889
23,43,70,112
1,125,259,483
4,925
30,285
255,356
737,883
32,218,442
462,537
35,362
5,59,396
41,967
672,985
50,67,129
28,570
337,661
468,553
641,995
20,338,571
306,653
747,866
148,230,282,544
39,61,557,989
18,343
55,505
424,996
56,183
143,160,378
162,459,514,557
143,573,623
159,494
137,495,536
557,919
161,467,563
49,216,361,589
325,600
467,593,871
458,497
15,184,616
140,161,503,826
4,52,778,912
131,172,626
21,163
110,302,348,878
596,708,787,980
180,277
17,93,407,667
17,64
146,598,946
38,923
871,910
93,282
219,423
33,51,168,221,445
165,326
52,375
463,547
89,97,133,488
9,165,573,879
110,926
14,43,894
47,127
27,339
35,184,884
18,680
629,847
73,751
98,262
259,861
22,42,47
43,46,335
178,531,612,671
21,113,507,751
47,57
163,324,432,443,704
70,75
2,366,574,837
145,230
122,700
6,140
37,87,367
49,115,275
317,951
46,443,630
15,35,80,793
48,195,393
3,136,476
70,374
106,521
25,83,495,698
33,407,475
69,644
18,47,465,893
27,45
117,522
86,130,135
27,449
444,954
326,340,658,776
9,576
13,279
80,188,297,868,960
50,109,836
7,152,736
118,614
376,917
90,142,160,371,474
183,190,257,388
66,96,885
405,535
47,370
9,800
235,905
72,79,191,487
2,476
615,719
79,600
26,201,714,737
32,549
43,457
45,119,179,792
78,127
556,899
105,416,911
416,896
200,335
943,990
179,804
36,258,264
42,196,425
250,348,563
11,379,823
9,185,784
14,423
25,466
593,757
141,472,496,706
418,487,621
3,470
37,933
29,87
8,574
173,212,366,603
183,348,889,931
153,660
84,402,725
8,877
14,355
7,307,587
738,952
66,734
161,988
98,270
11,577
79,339
13,300,401,412,524
229,234
204,265
197,638
25,877
30,178,248,611
85,139
25,801,952
1,217
336,364,380,956
134,393
51,119,555,612,664
66,754
70,478
16,613
54,590,689
90,430,935
545,631
490,745
378,799,928
779,951
28,123,211
740,959
46,48,62,665,803
95,396
391,585,758
143,245,266,488
201,209,585
67,373
210,265
74,76,155,234
74,88,89,99,638
7,17,364
669,732
29,555
30,335
21,688
45,296,723
12,972
320,365,825
177,774
109,379
128,636
27,56,155,158,423
51,760,875
141,148,257
365,833
76,429,532
24,223,986
29,93,890
124,169
78,443
431,990
171,681
10,176,620,837,964
184,881
415,726,913
256,886
54,678
36,75
166,331
37,78
314,954
42,281
143,495,894
65,68
6,236
77,159
29,232
144,161,488
267,765
35,994
109,377,386
235,243,278
182,533,609
19,245,252,479,989
224,287
120,481,570
8,218
16,77,309,324,327
64,119,962
168,199,655
133,907
11,79,349,856
11,251
9,96,241,352,655
1,493,621
86,637,713
271,445
76,458
10,415,682
540,837
332,845
68,369
14,51
206,467
138,496,718
624,844
144,270
20,368,736
5,280
19,58,313
128,195
68,442,619
6,131
125,662
83,133,791,853,934
13,612
25,180,434
112,330
105,357
333,405
125,649
324,408
291,462,859
13,37,234,831
6,198,224
322,727
63,377
29,372
53,63,812
189,301,729
17,83,96,464
57,651,687
129,719
93,104
448,861
148,347,634,980
637,933
294,655,734
380,913
4,997
8,27
34,44,87
143,611
133,172
286,380
145,751
286,399,685
8,25,154
150,551,890
218,253,516
81,148,681
83,91,162,342,552
3,102,337,879
102,114,648,806
76,201,482,486
812,904
22,248,492,512
19,787
285,351,793
45,160,597
202,400
18,83,132,430,497
11,97,315
334,851,890,955
284,773
157,663,933
3,86,293
500,863
33,196,202
228,503
132,228,387
335,348
20,21,971
340,487
143,366
47,90
6,104,177,596,825
80,81,294,397,944
35,50,138
437,721
743,766
656,671
44,50,200
62,95,207,371,436
215,262
306,484
36,777
173,435
111,387
26,77
81,187,350
12,149
65,447
11,234
6,69,239
22,231,248,623
38,44,359
114,296,717
12,430,704
34,993
17,82,870
1,35,38
43,87,179,625
39,62,682
49,658,987
8,192
12,177
17,588
511,807
55,352
706,780
61,77
25,190,700
230,265
203,229
355,583
328,452,580
3,865
238,679,975
167,207,659
42,501
370,665
25,239,668,710,985
196,283
60,70,408,562
188,215,389,802
549,678
140,144,618,864,922
267,943
81,581,691
485,712
761,845
34,68,156,268
16,517
109,981
117,681
172,337
7,673
8,41
406,877
83,100
400,761
20,452
13,272,853
60,133,596,689
63,999
1,18,137,158,862
7,68
1,9
107,268,597
2,49,71
46,195,277,751
5,434
6,27,535
69,848
642,715
147,313
35,61,288
75,840
200,220,527,650,973
230,356,494,746
8,376,703,757
122,171
195,834
143,487
9,110,527,556,590
44,95
175,273,436,960
55,299,567,953
251,703
174,841
66,950
51,643
75,392,486,551
297,855
25,142
48,481
75,104,105,534,891
48,401
34,62
3,279
10,607
238,277,554,793
35,73,532
295,592
39,321,353
57,757
48,99
119,966
196,321,633
8,130,732
5,73
180,641,655
107,784
221,565
21,479
99,211,340,377
89,209
103,439
357,493
334,724
23,73,656,790
17,512
255,986
205,496
52,612
83,864
42,490,500,636
631,945
46,50,497,616,630
52,168
296,463
138,661
741,849
17,83
129,693
87,177,294
61,406
61,98,773
357,410
36,54,236
60,82,399,453
144,624
29,257
673,960
216,438
51,62
33,790
737,826,852
23,915
526,887,898
369,374
22,445,908
42,316,378,556
15,106
5,184
154,183
31,326,361,627,907
7,308,703
31,125,638
102,507
852,937
44,139,540
13,100
2,506,983
54,260,309
83,173,253
16,20
510,661
128,337,387
377,446,635
264,269
206,889
24,156
5,45
176,214
46,157,730
50,437,605,659
12,123
62,647,773
474,606
21,53,181
57,69,107,259,482
108,486,765
390,865
4,72
464,768
83,362,453,875
593,959
232,809,828,984
1,111,412,537,733
4,194,217,448,625
53,477,791
48,365
55,319,460
633,946
118,505,780
97,480,996
128,176,381
280,318,444,889
85,906
174,615
36,471,882
32,94
71,995
13,778
34,990
15,23
95,757,988
602,670,933
2,179,401,514,566
63,966
330,598
25,498
106,187,590
67,185,246
343,858
7,10,342
269,631
27,419
572,770
28,78,522
163,331
1,393
114,337,528
105,983
129,709
28,86,128,749,827
40,61
64,970
162,293,413
248,764,776
49,412,596
396,603,795
454,936
67,399,877
34,411,964
47,852
12,59,92
189,466,471
12,492
286,290,445,643
57,265
219,551,700,810
480,511,758,781
193,224
426,732
2,50,315
116,502
54,232,305,450,938
60,88,205,883
559,799
223,656
2,76,305
5,328
177,319
3,186,264,420,675
57,141,264,268,910
33,248,840
32,116
6,53,347
139,298,829
102,176,212
204,370
9,62
570,872
59,154
1,213,255
38,145,330,367,599
289,503,618
14,115
27,357
245,533
169,179,430,535
166,194,660,670
17,325
59,64,93,130,244
16,293,801,982
44,93,451
72,78,129,658
37,217,764,906
9,783,802
1,4
3,71,131,285
79,107,137
17,311,939
174,489,767,855
6,182
42,43
453,459
103,351
151,292
185,296,959
210,392
84,422
90,246,402
41,490,930,949
202,267,644,985
88,114,119
127,749
233,769
1,647
70,256
350,952
40,720
345,662,995
27,154,584
42,170,171,595
87,120
158,808
58,93,311
32,899
383,810
73,250,998
8,967
203,485
4,42,44,739
64,98,111,160,701
64,513,520
23,95
24,333,847
295,721
7,185,201,255
223,555,846
38,254,815
479,901
85,102
27,56
136,613
632,842
12,520,568
3,53,204,608
258,765
13,115,142
425,604
43,167,274
185,457
115,135,704
26,942
383,604
240,633,687
24,158
51,87,724
544,582
9,539,638,880,905
1,411
31,136,217,970
31,124,793
20,141
20,147,932
113,459
20,912
71,410
14,147,384,786
43,362,429,561
121,380
2,656
289,338
552,720
55,263
60,102,693
173,817
38,77
76,442
175,197,229
323,622
16,19,21,770
42,44,385,863
421,917
53,133
133,143,373
152,318
59,156,715
171,801
49,649,954
18,23,219,254,828
149,762
45,57
143,244
42,149
33,861
117,171,686,824,899
433,980,990
25,815
33,455,981
263,362,395
187,351
266,302
731,994
11,860
12,382
80,244
53,855
97,696
52,752
5,331,335
6,136,198
237,376
73,110
157,819
115,182
620,654
12,103,404
82,620
28,540
186,207
167,802
60,81,154
57,169,211,651
43,271,929
189,271
8,287,463,627
15,96
8,439
49,159,344
27,59,132,169,924
170,224
52,142
197,882
81,893
72,307,424,718
69,317,880
462,979
404,545
16,29,770
79,536
191,642
597,882
106,366,688
88,124,165
219,226,277,434
170,492,965
428,478,711
386,592,977
142,715,943
245,292
213,515
340,662,720
21,782
12,314,532,969
47,118,337,470,831
15,767
108,181,464,736
308,332,558
18,320
106,340,973
72,476,981
194,530
18,171,659,672
73,792
161,209
15,972
10,70,98
713,760
414,940
86,813
23,740
121,363,565
26,41
192,629
30,150,165,166
24,86,105,822
329,571,595
390,425
35,635
235,310,490,971
331,805
40,48
14,84,132,452,950
2,189
39,646
41,51,734,890
460,934
223,578
24,631
97,460
77,100,142
33,142,165,221,405
184,213,289
18,47
138,587
4,723
15,137,165,166
108,372
2,934
63,145
273,322
5,91,221
49,320,671
253,738,974
96,151
26,165
100,270,871,993
19,523
19,54,121
223,416
21,24
177,656
36,45,213
72,422,937
39,843,849,932
14,58,66,636,739
637,812
32,187,255
65,79,240
59,318,462
53,144,295,388
26,148
86,517,934
3,47,263
406,784
1,849
173,198
302,695
97,284
182,702
72,106,110,809
62,415,464,844
326,589
26,39,323
16,78
349,358,854
53,85,186,261
271,418,959
2,187,720,988
604,681,900
62,233,245,578
19,69,218,829
381,443
46,300
214,261,316,582,838
16,92,895
4,117,176,362
4,84,162,819,825
117,479,818,892
284,921
24,28,190
12,32,372
35,42,163,249
85,342,515
83,95,785,965
14,222,940
7,154,419
22,884
105,668,795
93,237
5,196,208
65,801
221,594
81,115
11,847
385,401
9,22,79,548
4,538,836
404,444
467,733
1,24,64,504,978
5,350
45,101,175
469,511
3,41
23,254,450
29,63,736,944
77,84,283,536
177,752,851,983
5,564,566,594
8,172,189,445
104,291
37,225,300
320,398,689,925
690,696,773
14,68,224,226,980
101,163,420
22,160
220,821
28,561,598
331,498
72,722
344,716
167,558,764
182,589
161,342
489,875
771,970
312,663
27,73,255,677,745
148,460
11,111
28,41,103,152
112,141,375,707
15,141,225,470
30,60,207,491
179,333
47,588
428,682,893
309,703,854
573,660,771
477,705
234,842,863
42,105,233
729,744,797
231,532,792
443,566,742
218,520,526,832
441,454
94,230,298,520,692
639,946
173,591
305,727
209,678
98,192
56,540
563,660
49,523,607,816
313,376
9,31
340,579,609
96,824,898
35,756
55,507
18,60,68,86
340,622
298,577
93,819
26,54,225,554
399,571,683
90,262,788
18,119
369,481,516
120,591,835
451,456,718
233,355
516,809
222,348,565
3,303
49,115,992
22,477
107,215
12,741
34,451,868
35,328
86,99
346,723
116,775,999
25,54,225,603
40,449
100,117,247
36,599
503,513,715,905
152,155,301
17,59,149,339,694
59,66,173
246,448,559
686,794
170,374
126,900
78,397
205,420
19,159,394,501
13,369,378
1,40
354,804
11,234,377
78,809
8,403
2,209,251,322,727
3,45,249
296,592
53,57,724
10,219
107,155,166,299
81,389,514
98,106,262
80,845
204,609
120,269
139,583,902
7,123
216,413
146,600
16,32,137,839
163,222,322
20,43,174
343,685
39,680,726
787,810
21,640
19,51,300
19,53
129,573,900,927,978
204,371,569,615
1,203,440
32,339
26,568,609
41,523
335,529
110,973
13,46,49,56,325
537,753
1,198
19,594,764
56,87
17,270
416,836
380,752
107,175,397
369,441
106,441
275,314,678
76,89
147,151,914
274,587
9,106,775
161,289
71,554,665
76,714
605,763
11,372
12,198,850
39,601
97,708
64,182
37,55,898
15,368
88,822
9,180
27,239
163,566
2,191
55,196,581
607,640,739
382,888
628,663
264,409,860
129,153
23,500
33,534
36,56
28,62,403,435
1,4,216,321
105,162
23,588,924
303,383,397
15,667
109,211,256,295,818
312,347
458,711,862
32,94,233
353,833
9,35
109,251
7,598
129,483,897
387,701
204,216
74,460
47,78,178
147,1000
82,157
73,250
184,232,674
93,967
7,61,755
245,347,431,986
30,64,101,131
585,650
257,470,499
2,822
72,137,659,929
186,292,502,677
3,12
8,200,241
157,821
135,290
10,32,104,256,923
446,725,918
113,746
20,41,428,636
102,175
6,574
184,350,945
33,248
184,606
29,31,47,280,298
179,282,450,935,986
28,427
29,50,144,835
79,107,301,590
9,83,785
581,808
203,558,848
74,638,727
176,417,894
57,90,114,133,150
13,306,622,699
25,977
19,226
4,425,482
18,95,440
346,391,594
48,154,292,336
20,57
15,52,189,280,666
394,842
74,832
7,84
131,873
7,203
16,141,252,397,838
244,334
541,854
375,521
549,824
356,676
17,297
516,687
121,531,697
60,147
2,878
128,833
28,148
116,933
3,171,461,512,515
80,230,329,745
10,500
2,88,327
49,185,345,513
89,864,908
20,363
4,14,871
109,197,354,583
392,925
224,307
93,163,652
32,104,526
149,680
247,492
22,207
67,148,528
24,27,375
3,133,283
565,608,694,765
40,48,543
5,30,353,455,698
99,654
80,255
728,730
73,218,414
122,332,630,964
181,226
159,910
9,166
85,506,750,931
10,304
221,476
17,169
452,527
107,673
109,402
11,68,101,156,664
518,818,853
46,333
58,153,253,711
663,742
927,971
116,168,547
17,870
14,884
358,625
485,506
85,102,608,626
71,94
4,230,522,569
693,706
127,979
474,536,915
153,391
21,841
125,292,817
65,495
4,393
454,827
67,179,314,594,616
206,266,880
2,48,284
219,387,471,588,941
66,982
31,194,495
22,674
397,438,722,924
46,78
22,74,389,510,785
6,12,261,488
97,166,495
258,476,617
374,639
386,572
41,56,332
78,158
5,160,191,335
124,441
271,394,435
197,420,829
293,879
13,169,582
27,64,436,761
489,919
21,874
4,317,341
853,950
10,110,735
327,665,921
18,38
221,872
51,71,179,302,533
85,106,475
19,402,403
97,155,412,417
171,260,486
5,108
13,134
18,75,224,698
392,919
314,333
63,78,195
3,296,548,749
4,272
12,59
99,251
6,183,270,562,584
423,1000
586,772
210,475,731
39,187,811
127,209,787
104,151,154
77,345
5,38,68,79
10,324
325,602
3,371
11,46,358
54,147
32,58,102,478
152,200,256,771
7,76,684,938
34,991
297,417
163,510
453,986
366,796
166,502,686
350,469,932
128,497
61,716
28,363,428,658,913
324,906
50,302,632
111,153,173
404,659
74,77,240,346
119,780
108,235
166,193
597,996
71,93
16,812
19,76,215
25,336
386,909
59,200,301
121,707
151,285
34,51,294
208,316,418,428,873
41,84
112,150,170
77,155,637
11,813
263,337
296,308,408
63,272
14,117
15,203,593
388,486
111,134,243
116,219
111,358,636
96,563,957
187,309,603
439,858
152,810,848
747,858
112,693,846
147,863
53,518
19,31,699,869
94,240,687
198,382,423
299,398,643,792
73,996
64,173
65,878
65,136,506
6,23,281
415,580,797
236,996
432,617
11,62,304,406,408
388,615,769
36,418
30,191
305,886
245,298
43,115
69,266,767
23,871
24,42,72,726
74,94,306,653,938
533,726,803
11,12
193,439
544,618
378,560,685
14,312,984
149,277,336,958
107,610,973
228,675
20,288,616
117,129
66,120
129,242,259,273,690
8,501
15,458
109,322,662
74,242,883,952
3,936
6,7,761
110,375,626,728,780
4,32,38,241,408
140,506
11,78
1,4,438,620,700
62,194
24,139
107,193,258,259,389
206,227,690
21,63,928
67,123,285
68,281
4,25,992
368,534
469,714
94,604
730,968
169,414
105,229,411,918
248,755
114,122,599
52,472,707
94,516
64,134,343
392,398
227,585
184,243,509
91,820
26,339,372
13,774
250,575,864
14,17,353
272,521
26,49
113,114
67,144
192,415
6,230
163,304
390,591,928
96,508
132,258
184,663
67,227
27,111,154
1,529
324,387
23,164,243,676
287,445,465
233,639,679
82,312,329
85,390
51,479
646,999
189,544,568,617,920
267,510,637,719
45,246
4,176
237,315,527,743
193,355,472,969
98,228,645,668,857
38,274
69,421
5,348,730,947
50,73,155,809
11,64,286
84,683
8,84,927
45,94,262,386,740
45,267
1,80,874,909
2,14,624
25,105,253,719,972
408,669
690,713
128,370,950
27,52,199
300,330
52,264,361,576
32,55,295,427
93,162,271,342
10,156,394,665,966
383,471
80,238
74,781,807
12,489,731
528,558
26,644
17,19,325,683
6,355,442,488
34,41,400
101,267,513
602,711
9,233
121,617
3,403
439,453
651,673
30,78,216,911
60,169
151,911
209,238,435
143,218
35,40,474,915
14,112
28,38,93,722
684,690
21,195,317
85,195,995
2,305
15,222,542
335,821
24,61,378,929
14,130
334,972
227,452
123,909
40,463,607
134,490
272,640
611,696
4,492,866
269,709
320,776
278,580
46,159,194,857,902
92,220
369,634
87,302,914
80,928
388,756
37,278
77,92
106,550
517,901
230,273,984
399,811
34,81,113,202
35,550,909
28,365
1,120
11,256
352,641,762
4,42,164,384,906
13,20,135,427
281,911
200,249,353
5,19,670
188,276,420
361,368,386,398
42,292,409,798
16,34,91,124,550
243,669,689
186,777
2,181
480,494
493,702
539,653
32,467,841,981
262,493
25,313
13,183,338,728
53,352,370
98,775
160,698,756
52,106
36,313
205,883,987
330,431,743
16,476
36,231
86,577,638,773
233,236,345
81,477
85,673
530,565
215,469
238,355
215,779
15,497
69,183
229,604,762,961
141,145,567
4,70,741,849
43,65,165,628
686,923
73,266
11,174,427
58,60,117,171,220
6,552,559,699,844
48,483
375,742
8,37,180,521
92,106,485,759,967
51,320
14,436,634,645
205,739
3,228,252,903
112,198,815
167,312,476
379,381
213,936
645,785
180,192,214,888
247,820
64,308
36,55,404,877
284,746
598,683
142,475
1,31,135,317,942
174,401,593
457,890
345,468
359,685
9,628
33,108,899,926
46,63,530
217,329,464
41,761
26,126,316,421
18,88,100
119,246,264,835
1,82
5,231
84,929
21,45
174,281
49,326,610
25,115,162,206
6,22,32,368,633
132,358
22,414
75,461
200,217
30,124,938
14,453
60,139
4,46
12,684,898
46,808
468,753
506,984
16,61,275
356,530
82,277
40,136
21,180,375,503
10,355,756
330,430
31,897
33,194,755
16,181,596,657
123,169
94,161,494
5,489
129,560
717,747
7,8
58,127
16,150
71,982
84,189,226
133,179,816
88,361,472
164,558
170,500
369,576
58,297,706
29,939
28,649
36,284,410,886
121,301
53,180,406,654,930
8,67,159
14,23,164,800
406,629
192,291,428
16,976
29,65
82,112
797,817
118,289,392,932
496,858
240,591
44,979
691,916
40,311,683
7,403,980
52,130,243
214,269,324
135,145
117,329
1,399
3,171,567
63,199,363,412,571
520,544,634
525,826
170,690,781
39,132,242
275,447
294,384
116,136
223,538,766
2,322
6,35,157,186
134,245,550,673
21,84,846
1,846
471,703
26,418
91,118
826,951
357,799
667,811
25,27,61,369
178,310
128,747,855,891
43,491
697,756
23,74,899
44,71,168,397,656
66,180,441
10,848
88,112
220,319
125,373,570
139,186,352
620,805
227,536
2,368,539
47,135,543,579
359,645
158,296,473,778
55,483
389,648
1,59,147,555
114,199
138,300,451
351,499
393,641
164,649
9,207
7,485
479,970
73,252
63,547
4,519,788
126,944
31,537
61,341
404,595,667
225,632
49,235
12,18,819
417,998
20,127,866
550,618
6,276,944
10,68,154,433,876
30,305
142,887
16,38,164
81,319,630
278,466
24,28,903
18,134,680
188,543,591
16,179,795
30,44,985
135,455,941
9,33
363,511
74,153,329,385
679,752
224,552
4,66,408,525
644,757
66,491,785
77,81,113
54,554
23,405
30,903
242,717,998
384,408,693
196,481
38,364,404
81,270
37,101
240,488
65,164,492
21,34,165,202
41,156
269,307
25,212
300,833
290,778
174,196,267,724
337,573
24,48
455,525
176,451
22,220
167,826
460,674
7,51,108
119,564
122,132
400,729
17,635
2,327,551,585
22,61,869
91,288,447
34,657
284,361,708
403,481
3,25
965,989
5,9,688,694
33,116
40,774
89,205,305,689
840,908
189,303
137,802
317,685
79,458
104,918
23,29,276,814
205,350
89,97,201
142,937
925,994
89,103,211,892
42,754
226,434
111,123
4,560,940
417,651,652,769
18,257
307,538,807
138,220
84,486
214,362
190,241,278
40,418
110,531,600
95,104,709,789
13,158,179,277
18,138,409
304,498
5,30,926
626,684
463,632
25,373,432
113,126,564
23,384
153,204,364,657
91,420,431,505
20,403,517
316,351,357,803,965
13,68,122,859
21,24,40,267,781
49,92
145,154,268,373
73,445,469
31,465,966,999
16,91
308,365,484
54,72,546
12,542
92,917
28,246,729
122,889
89,130
62,116
1,88,267,843
68,192,466
3,642,953
376,798
178,204,254,547
86,696
39,650
266,370,1000
314,389,629
17,125
10,39
64,95
175,403,616,828
244,994
53,65,109,873
224,294,525
795,843
113,140,247
10,31,362,610
37,180
62,504,712
11,76,251
40,167,228,405,916
10,193,564,872
19,181
14,37,138,313,867
45,70,544
2,109
12,62,331,993
70,216
48,66,99
32,222
3,830
55,273
816,943
54,444
48,590
47,127,856
233,454
118,798
6,79,137,331,587
7,131
480,666
17,254
49,431,581
193,236,494,589
84,192
41,56,130
42,83,208,835
26,142,278,567
144,146,493,552,563
508,622
344,614,874
258,499,845
187,314,748
102,688
86,120,124,139
9,20,70
62,987
2,109,446,904
10,721,978
65,892
236,422
31,507
21,63
185,343
81,670
291,311
704,953
221,458
149,204,249
35,152,581,728
44,113
95,97,457
22,249
189,321,395
91,235,289,413
14,23,38,65
31,136
27,332
49,235,582,804
5,156,332,738
166,667
167,414,648,694,951
37,722,766
87,601
163,181,225,971
19,37,78,360
172,537,904
104,324
20,711
247,567,813
92,100,247,459
18,573
31,432,772
33,58
13,54
259,350
262,867
6,357
910,992
3,73,79,108,200
295,323
611,666,775
23,276,746
318,705
398,799
401,709
7,33,161
58,87,147
25,77,266,714
44,213,508
13,924
8,203
716,740
263,303
597,650
19,29,325,433,440
38,144,498
162,176
309,733,972,993
570,645,817
27,969
303,816
1,902
166,231,926
8,424
3,299
57,242,269,997
122,196
15,265,948
16,51
200,270
51,116,195,697
95,268,708
805,881,991
122,205
571,643,701
25,28,873
41,702
151,461
239,741
140,293
279,830
27,68,126,593,725
20,619,707,979
50,713
28,103,607,800,805
81,337
42,229,937
19,410
31,108
274,385
7,577
149,407,876
100,229,547,991
750,887
38,57,260,630
5,18,22,531,599
130,427,443,930
214,411
7,131,263
191,976
327,631
254,329,349,459
92,206,270,759
9,33,165
104,170
15,923
232,921
71,256
277,351,803
30,207
146,447
8,290
137,450
315,522,708
6,66
20,964
222,839,895
130,615
131,353
175,782
205,446
1,170
67,81
12,346,438,497
110,190,465
518,574
7,149,304,606
208,380,466,604,820
6,51,245
57,103
115,137,326,842
158,199,444,701
339,631
19,119,449,839
21,349
39,56,641,918
156,183,674
176,411,977
46,157,345
328,398,474
500,930
431,733,804
78,235,513
124,778,914
90,111,323,528
243,762
53,58,143
106,201,487
801,982
364,788
51,116
1,28
151,160,553,622,936
43,89
343,577,613
860,904,952
45,101,473
12,37,172,250
96,344
15,391
343,640,748
11,235,309,612,867
196,258,265
13,35,82,840
51,637,938
2,75,90,188
158,360,366,565
283,413
371,806,819
218,433
451,505
9,869
393,524,548
102,316
129,162
2,383,498,691
104,117,182
37,225
668,978
151,168,635
75,584
63,306,542,561,660
3,461
115,118,139,917
324,812
646,654
186,212,345
63,142
36,162,253,924
102,744
152,392
8,116,377
94,188,371,861
278,422,649
13,551,657
6,193
70,213
178,220,328,414
349,525
3,210
92,162,426,448,766
123,555
298,587,946
293,455
572,612,919
6,702,975
472,549,878,976,994
41,73,276
480,571
624,988
554,929,947
5,309,328,347,623
141,758,908
47,491,726
190,718
145,559
122,390
32,177,772
36,178
3,696
34,456
33,50,143
87,382
491,578
299,534
15,577
128,242,897
217,491,815,920,958
252,261
24,208
219,763,907
180,256,333,742
113,566
197,353
6,124
257,870
3,42,51,524,962
469,517
76,517,850
409,676
39,185,566
4,5,382,499
1,281
90,543
23,40,67
126,259
59,421
11,104,401,513
15,17,282,599
121,616
74,776
30,55,122,955
136,482,783
145,611
10,771
98,161
291,621
22,48,775
145,202,305,576
317,635
113,389,390
61,212
89,539
7,19,360,456,510
43,362
47,75
545,556
187,335,968
10,125,334,634
14,112,888
5,155
7,282
3,48,49
75,373,786
28,313
105,410
2,8,123,140,346
2,172
19,782
22,722
540,777,900
42,169
76,402,611
37,102,273
3,75,512,806
68,437,796
437,529
5,73,642
90,693
23,941
69,154,211,940
734,830,840
587,595
103,156
253,824
74,192,210,352
60,998
2,502
29,438,958
139,175,354
26,131,931
9,672
150,627
101,169,224,478,997
124,250
218,238,298,589,669
85,598
311,832
96,279,396
21,141
67,159
143,675,963
216,282,968
14,253
24,274
96,112,453
150,188,264,825,836
40,222,481
9,31,107,155,367
239,278,478
33,715
14,87,538
54,434
471,779,807
71,357
172,461
78,642
74,274,969
4,82
158,168,515,721
416,560
44,213
114,507
108,660
49,270,982
39,482
10,308,318
135,542
121,225,461
85,978
211,256
43,909
8,11
124,786
8,838
425,648
5,9,43,100,416
419,665
222,472
59,75,101,372
1,195
88,658
41,985
35,90
506,735
301,912
140,475
31,540,957
522,827
502,823
14,37
212,682
8,26,331,437
127,131
190,449,496,650,701
5,590
59,202,280
496,682
18,327,439,580,939
2,76,186
11,901
174,483
4,54,338
584,634
12,58
10,17
7,29,351,586
29,98
796,916
13,19,315
216,260,789
423,542
412,903
99,315
427,527
62,69,798,876
189,428,893
298,595,821
35,473,505,745,948
273,684
45,791,862
11,21,41
94,523,744
40,73,97,860,880
43,811
128,204,897
101,862,939
152,273,753
38,269,894
627,822
15,213,962
24,27,918
1,15,482
49,140,252
54,752
12,31,957
25,86,329
103,361,511
452,585
125,541,936
56,792
9,261,859
238,766
53,352
254,402
94,119,413,861
159,333
63,78
181,396,916
3,36,303,383
43,569,831
8,347
18,396
71,141
83,242,258,463
98,162
341,376,603,777,934
47,121
149,865
8,504
18,119,762
164,949
255,416,895
546,710,872
343,748
57,134,897
11,209
8,966
206,356
419,487,725
484,854
299,675
65,671,794
575,790,802
20,55,617
302,959
21,243,430,555,834
193,360,654,870
276,520
16,833
12,564
237,948
311,920
272,646,951
77,460
56,82,528
223,484,613,869
508,960
136,214,484,508
578,800
48,795
7,50,885
80,193
89,103,249,920
30,131,321,675,763
410,720
168,256,686,839
4,768
47,319,678,818
202,859
15,182
372,636,862
58,164
191,508
5,851
146,342
266,341,575
34,271,837
277,478
197,494,755
50,142,160,391,676
105,240,450
2,52,237,480
215,957
8,34,363,562
244,306,650,674
478,664
14,138,160,265
61,415
10,24,144
1,681
127,334,579
20,208,268
139,150
247,285,572
118,272,533
10,584
55,887
1,22,647,737
27,58,208,451
33,653
97,201
150,236
213,839
98,210,293
473,682
2,517
120,452,602
175,962
400,546
74,86,99
24,304
153,251,413
11,319
201,489
8,16
234,574,963
45,521
124,138
29,786,846
443,922,997
100,275,691
74,211,379,781
1,67,992
376,473
20,309,523,976
38,608,969
19,33,493,743
54,315
18,222,257,595
156,475
18,62,135,561
86,386,617
122,150
919,930
446,901
288,699
5,22,33,110
218,896
336,868
98,289
210,651,807
514,834
82,483,625
584,629
282,516
11,89,109,800
215,287,449
108,288
60,399
5,511
184,348
55,436
5,72
67,867
5,252
108,519
101,423
295,306
14,42,602,915
29,491
60,153
639,842
75,334
72,138,550,967
48,975
43,539,870
40,400
31,167,266,878
13,843
13,72
21,87,101,856
50,388
103,165,482
454,974
97,420
159,783,910
67,146,867
69,316,402,418
82,132,351
237,591,666,676
194,805
144,223
79,286
733,830
253,974
348,759
110,366
82,286,837
395,675
20,226,247
257,300,325,850
45,46,406
34,529
259,583
59,286
14,562,774
79,190,834
315,847
147,879
29,70,647
410,906
318,381,751
199,374
7,156,501,645
95,695
243,281,386,937
4,18
307,515
242,847
303,641
3,290
252,623
794,875
10,838
11,330
5,25,175,262
100,395,400,970
17,66
127,901,921
3,171,433
156,535,601
359,360,479
45,849
2,20
34,927
40,228,321
24,455
6,623,823
32,125,669
4,285
37,375,381
63,114,381,712,750
209,907
66,440,515
320,381
279,288
26,522,987
75,122,157,182,219
116,288
526,674,859
46,145,523
14,65,393
3,53,131
1,15
29,59
11,405,438
69,180,532
170,374,509,524
188,251,876
146,857
353,501,962
328,744,850
24,56
53,275,945
97,987
174,578
6,15
137,139
240,258,468
192,913
246,514
99,354,729
13,955
12,70,171,914
40,891
10,148,441,602,956
14,374,377
46,135,244,377,794
61,70,536
69,406,580
91,146,413,448
22,34,91,260
166,310,556
197,198,779
13,294
55,197
44,454
27,34
304,336
9,306
606,922
107,367
16,46,480,908
63,285
145,194
19,61,275,513,955
126,868,884
232,450
44,55,263,448
48,394
35,306,605
66,464,588
310,395
1,968
7,46
49,91
5,91,154
228,712
222,379,964
416,494,828,975
97,509,556
239,626,914
1,210
5,124,916
231,753
24,799,1000
178,661,829
72,191
52,163
36,760,931
145,360,499
31,474
149,541
128,191,747
36,45,625
6,303,543
4,49
118,282
44,74,134,232
126,183
18,208,579
69,85,323
22,455
10,26
83,217
114,185,831
18,44
260,769
3,789
9,26,32,609,857
484,764
36,57,777
150,322
33,79,227,356,425
126,366
561,644
80,447
412,853
111,789,997
132,567,681
130,198,841,885
152,301
146,575
552,742,827
293,796
2,635,685
34,467
13,185
197,263,470
86,88,605
205,866
334,702
50,504
327,907
71,633
101,592
56,223
41,323
271,574,943
247,613
8,291,321,680
6,276,328,1000
227,424
2,737
110,181
15,23,43,93,769
94,160,507,610
178,370
23,50,227,229,621
365,409,586,925
237,358
52,72
354,389
217,297
16,114,207,509,804
210,318
119,740,820
2,95
153,169,898
28,385,823
121,647
96,159
21,363
9,462
157,197,241,283
103,188,546
172,697
419,477,716
123,963
13,232,300
391,394,619
26,45,138,794
489,695
72,251,359,784
65,119,240
35,921
4,112,310,789
3,224,307,618
61,661
58,88,619
244,274,531
183,765
183,191,415
212,310
6,47,426,632
1,346,881
136,424
103,440
5,15,111,148,541
23,319,582,754
30,107
20,272
33,821
15,237,965
125,186,289,942
20,80,457
50,96,311
58,59
113,477,788
48,468
241,435,683,903
264,457,470,786
87,896
768,961
75,131
88,315
23,221
117,232,449
17,105,118,223
26,76,135
16,39,195,284
17,945
505,844
414,671
36,63,90,971
118,268
81,352
319,434
91,541
199,363,381
159,808
38,575
16,225
24,29,881
125,392,797
95,140,426,533,582
17,222
109,176,695
6,257,735,874,942
54,605,904
141,309
5,487
7,268,664
26,116,465
195,787,814
30,106,407,605
705,716
173,203
294,710
528,680
463,509
37,388,396
44,281,385,516
4,110,341
38,260
98,161,275
257,291,572
19,39,85,146
38,811,892,948,974
74,279
535,576
3,851
102,201
22,287,318,456,655
319,760,875
226,418
90,628,709
77,87,210,398
200,227,532
16,52,564
155,835
139,261
401,808
344,563
440,963
48,201,209
167,194,735
56,69,466
185,468
71,104,236
30,151,548
518,534,627,900
12,41,456
490,949
99,118,216
202,649
126,589
60,66
55,181,915
259,384
158,657
7,17,44,126,268
89,97
426,618
7,182,349,488
246,856
238,259,278
23,132,545,944
119,130,181
679,947
72,688
71,105
118,149,542
37,624
